TGTGCCAGCTCACCACCCAGGACTAGAGCGCATCGCTACGAGCAGTACTTC	CASSPPRTRAHRYEQYF	TRBV18	TRBJ2-7
TGTGCCAGCCCCGGCTACAGACCCTATGGCTACACCTTC	CASPGYRPYGYTF	TRBV7-9	TRBJ1-2
TGTGCCAGCAGTGACCCAGGGGACCCGCGTAACACTGAAGCTTTCTTT	CASSDPGDPRNTEAFF	TRBV6-4	TRBJ1-1
TGTGCCAGCAGCTTAAGACTAAAGATTGATGGGGCCAGTGAAGCTTTCTTT	CASSLRLKIDGASEAFF	TRBV7-6	TRBJ1-1
TGTGCTAGTGGTTTGAGAAGCGCGGCCGACAGGTGCGAATACGAGCAGTACTTC	CASGLRSAADRCEYEQYF	TRBV12-5	TRBJ2-7
TGTGGCCGTACAAGTGAAAAACTGTTTTTT	CGRTSEKLFF	TRBV27	TRBJ1-4
TGTGCCTGGAGTAGATACAGGGGGGCAACAGACACCATATATTTT	CAWSRYRGATDTIYF	TRBV30	TRBJ1-3
TGTGCCAGCAGCCCTTCGGGACTAGCTCCTGCAGTGGAGCAGTTCTTC	CASSPSGLAPAVEQFF	TRBV3-1	TRBJ2-1
TGTGCCAGCAGCCAGGGACCAGAGACCCAGTACTTC	CASSQGPETQYF	TRBV7-2	TRBJ2-5
TGTGCCAGCCGCCCGACACTCATCCGAAATGAAAAACTGTTTTTT	CASRPTLIRNEKLFF	TRBV2	TRBJ1-4
TGTGCCAGCAGCCAAGACTCTAGCGCCTACAATGAGCAGTTCTTC	CASSQDSSAYNEQFF	TRBV14	TRBJ2-1
TGTGCCTGGAGCATTCCCCGGGGGGAGAAGTTCGATGAGCAGTTCTTC	CAWSIPRGEKFDEQFF	TRBV30	TRBJ2-1
TGCAGTGCTGGGGGGGCGGCGGGGCTCGTGGTGAACACTGAAGCTTTCTTT	CSAGGAAGLVVNTEAFF	TRBV20-1	TRBJ1-1
TGCAGCGTTGAAGGTAGCCAACACAGCAATCAGCCCCAGCATTTT	CSVEGSQHSNQPQHF	TRBV29-1	TRBJ1-5
TGTGCCAGCAGATCTGGAAATGGCTACACCTTC	CASRSGNGYTF	TRBV6-1	TRBJ1-2
TGCGCCAGCTCAGTAGGGGAGCTGTTTTTT	CASSVGELFF	TRBV10-1	TRBJ2-2
TGTGCCAGCAGCTTGATCCGTTGGAATCCGGGACTAGGATTTGAGCAGTTCTTC	CASSLIRWNPGLGFEQFF	TRBV5-5	TRBJ2-1
TGTGCCAGCAGCCCCTCTTCCTACGAGCAGTACTTC	CASSPSSYEQYF	TRBV13	TRBJ2-7
TGTGCCAGCAGTGAAGACGGACAGGGGGGTGGCTACACCTTC	CASSEDGQGGGYTF	TRBV2	TRBJ1-2
TGTGCCAGGACAAATAGGGGGCGCGGGGGCTACACCTTC	CARTNRGRGGYTF	TRBV10-3	TRBJ1-2
TGTGCCAGCAGTTCGCCAGAGCATCAGCCCCAGCATTTT	CASSSPEHQPQHF	TRBV28	TRBJ1-5
TGTGCCACCAGCAGGGTACAGAAGAACACCGGGGAGCTGTTTTTT	CATSRVQKNTGELFF	TRBV15	TRBJ2-2
TGTGCCACCAGTGACCGATTGTTGGGCGGGCTCCGGTACGAGCAGTACTTC	CATSDRLLGGLRYEQYF	TRBV24-1	TRBJ2-7
TGTGCCTGGTGGCGGACAGGGTCGGACGGAAACACCATATATTTT	CAWWRTGSDGNTIYF	TRBV30	TRBJ1-3
TGTGCCAGCAGCCAATGGCAGGGTCGCAATCAGCCCCAGCATTTT	CASSQWQGRNQPQHF	TRBV14	TRBJ1-5
TGCGCCAGCAGTGACCCGAGGGAGATGCAGTACTTC	CASSDPREMQYF	TRBV10-2	TRBJ2-7
TGTGCCAGCAGTGTCTTAGACCAGAGTGGAGAAAAACTGTTTTTT	CASSVLDQSGEKLFF	TRBV6-4	TRBJ1-4
TGTGCCAGCAGCCCCTGGACAGGGTACGAGCAGTACTTC	CASSPWTGYEQYF	TRBV7-7	TRBJ2-7
TGCAGTACACAGGGGGGGTATCAGCCCCAGCATTTT	CSTQGGYQPQHF	TRBV20-1	TRBJ1-5
TGTGCCAGCAGCTTAGCCGGGACAGGCGGGTGGGAACTTACCCTATTAAACTCTGGAAACACCATATATTTT	CASSLAGTGGWELTLLNSGNTIYF	TRBV7-2	TRBJ1-3
TGTGCCAGCACAAGGACAGGGGCCCCGAACACTGAAGCTTTCTTT	CASTRTGAPNTEAFF	TRBV14	TRBJ1-1
TGTGCCAGAAGGGACAGGGTTCTCAACACTGAAGCTTTCTTT	CARRDRVLNTEAFF	TRBV7-9	TRBJ1-1
TGTGCCAGCAGTGTACATTCGGTTAAGATAGATACGCAGTATTTT	CASSVHSVKIDTQYF	TRBV6-1	TRBJ2-3
TGTGCCAGCAGTTTTAAACCCGGACAGGGCCCCTTGAACACTGAAGCTTTCTTT	CASSFKPGQGPLNTEAFF	TRBV28	TRBJ1-1
TGCGCCAGCAGAACCAGGGGGGGTCGGGTGAACACTGAAGCTTTCTTT	CASRTRGGRVNTEAFF	TRBV10-1	TRBJ1-1
TGTGCCATCTCAGGCAATCGCGGGAGTAATTCACCCCTCCACTTT	CAISGNRGSNSPLHF	TRBV10-3	TRBJ1-6
TGTGCCTGGAGAAGGTCAACCTCTGGAAACACCATATATTTT	CAWRRSTSGNTIYF	TRBV30	TRBJ1-3
TGCGCCAGCAGCTGGACTAGTAAGCAGTACTTC	CASSWTSKQYF	TRBV5-1	TRBJ2-7
TGTGCCAGCATGAACCCCAAGGACGAGGATACGCAGTATTTT	CASMNPKDEDTQYF	TRBV6-5	TRBJ2-3
TGCAGTGCTAGCGGTCCGGGACAGTTTGAAAAACTGTTTTTT	CSASGPGQFEKLFF	TRBV20-1	TRBJ1-4
TGTGCCAGCAGGGGAAGGGGACATGGCAACACTGAAGCTTTCTTT	CASRGRGHGNTEAFF	TRBV7-3	TRBJ1-1
TGTGCCAGCAGCTCGGCGCGGGCTAGGAACACTGAAGCTTTCTTT	CASSSARARNTEAFF	TRBV7-9	TRBJ1-1
TGTGCCAGCAACGAAGATAATGAAAAACTGTTTTTT	CASNEDNEKLFF	TRBV6-3	TRBJ1-4
TGTGCCACCAGTGATAAAAAGGGAAACCCGGGAGAGACCCAGTACTTC	CATSDKKGNPGETQYF	TRBV24-1	TRBJ2-5
TGCGCCAGCAGCGATGGACAGGGGTGTTCTGGGGCCAACGTCCTGACTTTC	CASSDGQGCSGANVLTF	TRBV4-1	TRBJ2-6
TGTGCCAGCAGTCCAGGGAAAGGTTTAGGGAGTGAGCAGTTCTTC	CASSPGKGLGSEQFF	TRBV12-3	TRBJ2-1
TGTGCCAGCTGGAATATGCGGTTGCCGAACACCGGGGAGCTGTTTTTT	CASWNMRLPNTGELFF	TRBV27	TRBJ2-2
TGTGCCACCCAGGGACTGGTTGAAGCTTTCTTT	CATQGLVEAFF	TRBV6-4	TRBJ1-1
TGTGCCAGCAGCCGGTCTGCAGACTCCTCCTACGAGCAGTACTTC	CASSRSADSSYEQYF	TRBV7-3	TRBJ2-7
TGTGCCAGCAGCAACCATCTCAGGCGTAAGCTTGGCTACACCTTC	CASSNHLRRKLGYTF	TRBV5-6	TRBJ1-2
TGTGCCGAGCACCTATACGAGCAGTACTTC	CAEHLYEQYF	TRBV2	TRBJ2-7
TGTGCCAGCAGCTTGTTCTCGGCCGGCTACACCTTC	CASSLFSAGYTF	TRBV11-3	TRBJ1-2
TGTGCCAGCAGTGTTGGGGACAGGGAGTCCCACGAGCAGTACTTC	CASSVGDRESHEQYF	TRBV6-1	TRBJ2-7
TGCAGTGCTAGAAGCTCAAGGGACATTTGCTCTGGAAACACCATATATTTT	CSARSSRDICSGNTIYF	TRBV20-1	TRBJ1-3
TGCGCCAGCAGCTACCTCCCCGGGTCATTTCAGCGGTATGGCTACACCTTC	CASSYLPGSFQRYGYTF	TRBV5-1	TRBJ1-2
TGTGCCAGCAGCGTCCGGGACATCAATCAGCCCCAGCATTTT	CASSVRDINQPQHF	TRBV9	TRBJ1-5
TGTGCCAGCTGCAGACCCAGATGGACCCTAAATCAGCCCCAGCATTTT	CASCRPRWTLNQPQHF	TRBV7-9	TRBJ1-5
TGTGCCAGCAGCCAACTGCCACTTAAGACCCATAATTCACCCCTCCACTTT	CASSQLPLKTHNSPLHF	TRBV14	TRBJ1-6
TGTGCCAGCAGTTCGACAGGGGGAAGAAGGAATGAGCAGTTCTTC	CASSSTGGRRNEQFF	TRBV28	TRBJ2-1
TGTGCCAGCAGTTGTAGGTACGGGACAAAAGTAGCTAACTATGGCTACACCTTC	CASSCRYGTKVANYGYTF	TRBV6-5	TRBJ1-2
TGTGCCAGCAGCTACCGGGGCAGGGGGAACAGCTCCTATAATTCACCCCTCCACTTT	CASSYRGRGNSSYNSPLHF	TRBV9	TRBJ1-6
TGTGCCAGCAAAGAACAGGGAAAAAAGTCCGGGGAGCTGTTTTTT	CASKEQGKKSGELFF	TRBV28	TRBJ2-2
TGTGCCAGCAGCGAAACCACAGGGGGGTATGGCTACACCTTC	CASSETTGGYGYTF	TRBV13	TRBJ1-2
TGTGCCAGCCCTGGGGACTCTGGAAACACCATATATTTT	CASPGDSGNTIYF	TRBV7-2	TRBJ1-3
TGTGCCAGACAGGGCTCTTTGTCGGCCTACGAGCAGTACTTC	CARQGSLSAYEQYF	TRBV19	TRBJ2-7
TGTGCCACCAGTGTTGCTAGCGGATCCACAGATACGCAGTATTTT	CATSVASGSTDTQYF	TRBV24-1	TRBJ2-3
TGCGCCAGCAGGCTACTTTCACCCCTCCACTTT	CASRLLSPLHF	TRBV5-1	TRBJ1-6
TGTGCCTTTGCCATAGGGGGTGAATCCTACGAGCAGTACTTC	CAFAIGGESYEQYF	TRBV3-1	TRBJ2-7
TGCAGTGCTAGATATGGAGGCTATGGCTACACCTTC	CSARYGGYGYTF	TRBV20-1	TRBJ1-2
TGTGCCAGCAGAGCCCTGAGGAGTACCGGGGAGCTGTTTTTT	CASRALRSTGELFF	TRBV6-5	TRBJ2-2
TGCGCCAGCAGCTGGAGCTCTAGCGGGATCTCCTACGAGCAGTACTTC	CASSWSSSGISYEQYF	TRBV5-1	TRBJ2-7
TGCAGTGCTAGAGATGGGGGGGGGGCTACTGACTCCTACGAGCAGTACTTC	CSARDGGGATDSYEQYF	TRBV20-1	TRBJ2-7
TGCAGTGCTAGACAGACCGGCACTGAAGCTTTCTTT	CSARQTGTEAFF	TRBV20-1	TRBJ1-1
TGTGCCAGCAGAGGGGGACTAGCGGGGGGGCCAGGTAGGGACGAGCAGTACTTC	CASRGGLAGGPGRDEQYF	TRBV28	TRBJ2-7
TGCAGTGCTTACATCCGAGTAACCGGGGAGCTGTTTTTT	CSAYIRVTGELFF	TRBV20-1	TRBJ2-2
TGTGCCAGCAGGCACAGGGAACAGCCCCAGCATTTT	CASRHREQPQHF	TRBV7-8	TRBJ1-5
TGTGCCACCGGGGGCCGGGACAAGGGCAATCAGCCCCAGCATTTT	CATGGRDKGNQPQHF	TRBV24-1	TRBJ1-5
TGTGCCAGCACCTGGGGCAAGGCGGAACAACCGAGGCGGAGTCATCAGCCCCAGCATTTT	CASTWGKAEQPRRSHQPQHF	TRBV6-4	TRBJ1-5
TGTGCCAGCAGGCGGGGTATCTATGGCTACACCTTC	CASRRGIYGYTF	TRBV6-1	TRBJ1-2
TGCGCCAGCAGCTTGGACACTTTTCAGCCCCAGCATTTT	CASSLDTFQPQHF	TRBV5-1	TRBJ1-5
TGTGCCAGCCCAATGCGGGACGATGAAGCTTTCTTT	CASPMRDDEAFF	TRBV7-3	TRBJ1-1
TGTGCCAGCTCACCAAGGGAACAGACCTACGAGCAGTACTTC	CASSPREQTYEQYF	TRBV18	TRBJ2-7
TGCGCCAGCGATCGGGGGGGTAATGAAAAACTGTTTTTT	CASDRGGNEKLFF	TRBV10-1	TRBJ1-4
TGTGCCAGCAGCTTAGGACCGACGGAGGCGGGAGGCTTGGTGAACACTGAAGCTTTCTTT	CASSLGPTEAGGLVNTEAFF	TRBV11-2	TRBJ1-1
TGTGCCAGCAGTGAAGGGTGGCAGGGCCCTGAGCAGTACTTC	CASSEGWQGPEQYF	TRBV6-4	TRBJ2-7
TGTGCCAGCAGCTTACAAGACCGCCGGGACAGGGCCCCCGTCCTTAACACAGATACGCAGTATTTT	CASSLQDRRDRAPVLNTDTQYF	TRBV7-4	TRBJ2-3
TGTGCCAGCAGTTTATGGAATGGCAGGGGGCACTATGGCTACACCTTC	CASSLWNGRGHYGYTF	TRBV27	TRBJ1-2
TGTGCCAGCACCGGTTCACAGGGGTGGTTCGCGGACAATGAGCAGTTCTTC	CASTGSQGWFADNEQFF	TRBV12-4	TRBJ2-1
TGCGCCAGGGGCTCTGGAAACACCATATATTTT	CARGSGNTIYF	TRBV5-1	TRBJ1-3
TGTGCCAGCAGCAATTTGGAGGGGAGGACAGTCTGGGGCAGGACAGATACGCAGTATTTT	CASSNLEGRTVWGRTDTQYF	TRBV7-4	TRBJ2-3
TGTGCCAGCAGTCTGGCATGGCAAAACACCATATATTTT	CASSLAWQNTIYF	TRBV27	TRBJ1-3
TGTGCCAGCAGTTTGACAGAGGGAAGCAATCAGCCCCAGCATTTT	CASSLTEGSNQPQHF	TRBV28	TRBJ1-5
TGTGCCAGCAGCTTAACAAAGTGGTCGACTAGCGGGGGGGCCAACACCGGGGAGCTGTTTTTT	CASSLTKWSTSGGANTGELFF	TRBV7-3	TRBJ2-2
TGTGCCAGCAGTTTTAGTGGGACTAGGGGGGTTCAATATGAGCAGTTCTTC	CASSFSGTRGVQYEQFF	TRBV28	TRBJ2-1
TGCAGTGCTAGTTGTCGGGACGAGCAGTACTTC	CSASCRDEQYF	TRBV20-1	TRBJ2-7
TGCGCCAGCAGCTCGCCGACTAGCGGGTGTTCCCGACAAGAGACCCAGTACTTC	CASSSPTSGCSRQETQYF	TRBV5-1	TRBJ2-5
TGCGCCAGCGGCGACAGGGCCAGGGGCAATCAGCCCCAGCATTTT	CASGDRARGNQPQHF	TRBV10-1	TRBJ1-5
TGTGCCAGCAGCCAAGAGGGGTCGCGGGAGCAAGTGAACACTGAAGCTTTCTTT	CASSQEGSREQVNTEAFF	TRBV3-1	TRBJ1-1
TGTGCCAGCTCACGGCAGGTGGACTACGAGCAGTACTTC	CASSRQVDYEQYF	TRBV18	TRBJ2-7
TGTGCCAGCAGGTTGGTGATAGCGGGAACTAGACCCGAGCAGTACTTC	CASRLVIAGTRPEQYF	TRBV6-5	TRBJ2-7
TGTGCCAGCAGCCTGTCCGAGTCAGATACGCAGTATTTT	CASSLSESDTQYF	TRBV13	TRBJ2-3
TGTGCCAGCAGCCAAAAACGAGGGCGGCATAGACGAGGGGCCAACGTCCTGACTTTC	CASSQKRGRHRRGANVLTF	TRBV4-2	TRBJ2-6
TGTGCCAGCTCAGGGAGAGAAAAACTGTTTTTT	CASSGREKLFF	TRBV27	TRBJ1-4
TGTGCCAGCGTACGGAACCTGAACACTGAAGCTTTCTTT	CASVRNLNTEAFF	TRBV5-4	TRBJ1-1
TGTGCCAGCAGGGAACCGACAGGCAAGGGACAAGAGACCCAGTACTTC	CASREPTGKGQETQYF	TRBV7-4	TRBJ2-5
TGTGCCAGCAGCACCGACAGGGTACCAAACGCCAAAAACATTCAGTACTTC	CASSTDRVPNAKNIQYF	TRBV7-3	TRBJ2-4
TGTGCCAGCAGACCACAGGGGGGAGGCTACACCTTC	CASRPQGGGYTF	TRBV9	TRBJ1-2
TGTGCCAGCAACAGCCGGGGGGGTGGGAACACTGAAGCTTTCTTT	CASNSRGGGNTEAFF	TRBV6-5	TRBJ1-1
TGTGCCAGCAGTTACCCTGCAGGGCCATTAAGCTCTGGAAACACCATATATTTT	CASSYPAGPLSSGNTIYF	TRBV6-5	TRBJ1-3
TGTCTCTACGGTTTTAATGAAAAACTGTTTTTT	CLYGFNEKLFF	TRBV20-1	TRBJ1-4
TGTGCCACCAGCAGAGAGGGACTAGCGGGAGAACTGTTCCAAGAGACCCAGTACTTC	CATSREGLAGELFQETQYF	TRBV15	TRBJ2-5
TGTGCCACCGGGTGCACAGGGGGGCATCAGCCCCAGCATTTT	CATGCTGGHQPQHF	TRBV24-1	TRBJ1-5
TGTGCCACCGGTTGTTCTGAGGAAGATCAGCCCCAGCATTTT	CATGCSEEDQPQHF	TRBV24-1	TRBJ1-5
TGTGCCAGCAGCTTCCCCCGTCAATGCCGGACGGAGAGTGAAGCTTTCTTT	CASSFPRQCRTESEAFF	TRBV5-4	TRBJ1-1
TGTGCCGAGGGCGAAGAGACCCAGTACTTC	CAEGEETQYF	TRBV24-1	TRBJ2-5
TGCAGTGCTCAGGGACAGTGCAACGAGCAGTACTTC	CSAQGQCNEQYF	TRBV20-1	TRBJ2-7
TGTGCCAGCAGTTTCTGGGGCGGGGGATATGGCTACACCTTC	CASSFWGGGYGYTF	TRBV28	TRBJ1-2
TGTGCCAGCTCACCCCAGCTGAAGGACAGGGTACCTCATGAGCAGTTCTTC	CASSPQLKDRVPHEQFF	TRBV18	TRBJ2-1
TGCGCCAGCAGCCACCCTATCCTGACTAGCGGGAAGACGAACGAGCAGTACTTC	CASSHPILTSGKTNEQYF	TRBV4-1	TRBJ2-7
TGTGCCAGCAGTACCAATCTCAGGGGGGCTTATGGCTACACCTTC	CASSTNLRGAYGYTF	TRBV5-4	TRBJ1-2
TGTGCCAGCAGTATACTTGGGGGACTAGCGGGTCATCAGTCCTACAATGAGCAGTTCTTC	CASSILGGLAGHQSYNEQFF	TRBV6-1	TRBJ2-1
TGCAGCGCTAAAGTGCTTCAGACAGGAAGGGAGCAGTTCTTC	CSAKVLQTGREQFF	TRBV29-1	TRBJ2-1
TGTGCCAGCAGCACCCATTCCGGCCTAGGCACCGGGGAGCTGTTTTTT	CASSTHSGLGTGELFF	TRBV3-1	TRBJ2-2
TGCAGTGCCGAGGTCCCTGGGGGGGCGGATTACAATGAGCAGTTCTTC	CSAEVPGGADYNEQFF	TRBV20-1	TRBJ2-1
TGTGCCAGCAGCCGTAGTCGCAGGGCAACCTACGAGCAGTACTTC	CASSRSRRATYEQYF	TRBV3-1	TRBJ2-7
TGTGCCAGCAGTATCAGGGCCGGGCGGCACAATGAGCAGTTCTTC	CASSIRAGRHNEQFF	TRBV6-5	TRBJ2-1
TGTGCCAGCAGCGGGACAGTACACTATGGCTACACCTTC	CASSGTVHYGYTF	TRBV7-8	TRBJ1-2
TGCGCCAGCCAATCACGGGACGAGCAGTACTTC	CASQSRDEQYF	TRBV5-1	TRBJ2-7
TGTGCCACCAGTGATCAAGACCGTAGATACACAGATACGCAGTATTTT	CATSDQDRRYTDTQYF	TRBV24-1	TRBJ2-3
TGCAGCGTTGAAGGGACAGGGAGAGGCTACGAGCAGTACTTC	CSVEGTGRGYEQYF	TRBV29-1	TRBJ2-7
TGTGCCACCGATCATATAGAGACCCAGTACTTC	CATDHIETQYF	TRBV24-1	TRBJ2-5
TGCAGTGCACTCTCCGGCCAGGGAGAGCAGTACTTC	CSALSGQGEQYF	TRBV20-1	TRBJ2-7
TGTGCCAGCACCGATTGGGACAGGAGTCTAGTCTCTGGAAACACCATATATTTT	CASTDWDRSLVSGNTIYF	TRBV6-1	TRBJ1-3
TGTGCTAGTGGTTCGGTGTGGGAGCTGTTTTTT	CASGSVWELFF	TRBV12-5	TRBJ2-2
TGCGCCAGCAGCTTGGGGCAGGTCTCTAAGAACACTGAAGCTTTCTTT	CASSLGQVSKNTEAFF	TRBV5-1	TRBJ1-1
TGTGCCAGCAGCAGGGAGGGACACTATGGCTACACCTTC	CASSREGHYGYTF	TRBV7-2	TRBJ1-2
TGTGCCACGGGGGCCTACGAGCAGTACTTC	CATGAYEQYF	TRBV9	TRBJ2-7
TGCAGTGCTAGAGACCTACCTATGAACACTGAAGCTTTCTTT	CSARDLPMNTEAFF	TRBV20-1	TRBJ1-1
TGTGCCAGCAGCGGGCACAGGTATGTCAGCAGCACCGGGGAGCTGTTTTTT	CASSGHRYVSSTGELFF	TRBV7-6	TRBJ2-2
TGTGCCAGCAGGCCAGGACAGGGGAACACTGAAGCTTTCTTT	CASRPGQGNTEAFF	TRBV6-1	TRBJ1-1
TGTGCCAGCACGTTACCCCCCGGGACAGCTCGAGCCTCTGGAAACACCATATATTTT	CASTLPPGTARASGNTIYF	TRBV6-1	TRBJ1-3
TGTGCCAGCAGCGACGGACCACGGGGCCCCCACACTGAAGCTTTCTTT	CASSDGPRGPHTEAFF	TRBV7-9	TRBJ1-1
TGTGCCAGTAGTATATTCAACGGTCACGGGCCAGGCACAGATACGCAGTATTTT	CASSIFNGHGPGTDTQYF	TRBV19	TRBJ2-3
TGTGCCAGCAGTTATAAATTAAGTGCACGCTACGAGCAGTACTTC	CASSYKLSARYEQYF	TRBV6-2	TRBJ2-7
TGTGCCAATGAATCTCGGGGACCCTATTTAACTGAAGCTTTCTTT	CANESRGPYLTEAFF	TRBV6-1	TRBJ1-1
TGTGCCAGCAGCGAGGGGACTTCTAAGGACGAGCAGTACTTC	CASSEGTSKDEQYF	TRBV11-2	TRBJ2-7
TGTGCCACTCTATTACGCCGGGACTGCTATGGCTACACCTTC	CATLLRRDCYGYTF	TRBV10-3	TRBJ1-2
TGTGCCACCAGTGATTTGGGCACTAGCGGGAGGCAGTACTTC	CATSDLGTSGRQYF	TRBV24-1	TRBJ2-7
TGTGCCAGCAGCCCACACCTAGGGAAGCATGGCTACACCTTC	CASSPHLGKHGYTF	TRBV3-1	TRBJ1-2
TGTGCCATCAGTGAAGGTGCAATCGACCCGTCACCCCTCCACTTT	CAISEGAIDPSPLHF	TRBV10-3	TRBJ1-6
TGTGGACGGGGGAAACTGGATACGCAGTATTTT	CGRGKLDTQYF	TRBV2	TRBJ2-3
TGTGCCAGAACAGGCAAAAGTAATAGCAATCAGCCCCAGCATTTT	CARTGKSNSNQPQHF	TRBV2	TRBJ1-5
TGTGCTAGGAACACGGGGTGCTCTGGAAACACCATATATTTT	CARNTGCSGNTIYF	TRBV24-1	TRBJ1-3
TGTGCCAGCAGCCAAGAATGGACTAGGGACACTGAAGCTTTCTTT	CASSQEWTRDTEAFF	TRBV3-1	TRBJ1-1
TGCGCCAGCAGCTTGGTCCCCCTGCTCGACAGGTTCCATCAGCCCCAGCATTTT	CASSLVPLLDRFHQPQHF	TRBV5-1	TRBJ1-5
TGTGCCAGCACCCGCTACGAGCAGTACTTC	CASTRYEQYF	TRBV27	TRBJ2-7
TGTGCCAGCAGCTATGAAGTAGGCTCCTACGAGCAGTACTTC	CASSYEVGSYEQYF	TRBV7-9	TRBJ2-7
TGTGCCAGCAGACCCCACCGGGCCAGACTGGAGACCCAGTACTTC	CASRPHRARLETQYF	TRBV27	TRBJ2-5
TGTGCCTGGAAACCGGGGGGAGGCTTGAACACTGAAGCTTTCTTT	CAWKPGGGLNTEAFF	TRBV30	TRBJ1-1
TGTGCCAGCCTAAAGATAAAAAAGGACAGGGGGCCGGTAAGGGACCGCTATGGCTACACCTTC	CASLKIKKDRGPVRDRYGYTF	TRBV6-1	TRBJ1-2
TGTGCCAGCAGCTTACCAGGACAGGGGACTGGCTACACCTTC	CASSLPGQGTGYTF	TRBV7-2	TRBJ1-2
TGTGCCAGCAGCGACTCGGGACTGACGATCACCGGGGAGCTGTTTTTT	CASSDSGLTITGELFF	TRBV9	TRBJ2-2
TGTGCCAGCAGCTTCGGGGGCTACGAGCAGTACTTC	CASSFGGYEQYF	TRBV5-5	TRBJ2-7
TGCGCCAGCAGCTTTTGCCACGGACGGACAGAGTTTAATGAGCAGTTCTTC	CASSFCHGRTEFNEQFF	TRBV5-1	TRBJ2-1
TGTGCCAGCAGTTTAATGGAGGGACAGGGGCTGGCCGGGGAGCTGTTTTTT	CASSLMEGQGLAGELFF	TRBV28	TRBJ2-2
TGTGCCAGCAGCTGGGAGTTCGAGGGGACAGGGTACGAGCAGTACTTC	CASSWEFEGTGYEQYF	TRBV11-2	TRBJ2-7
TGCGCCAGCAGCCAATGGGACAGGCTCATGGCCGAGCAGTACTTC	CASSQWDRLMAEQYF	TRBV4-3	TRBJ2-7
TGCAGTGCTTGCAGCCGACAGATGATCGGGAGTGATAGCAATCAGCCCCAGCATTTT	CSACSRQMIGSDSNQPQHF	TRBV20-1	TRBJ1-5
TGCAGTGCTAGCCATGGACAGGGTGATTCAAAGGCCTACGAGCAGTACTTC	CSASHGQGDSKAYEQYF	TRBV20-1	TRBJ2-7
TGTGCCAGCAGCGTACACCTGGACAGGGAATACGAGCAGTACTTC	CASSVHLDREYEQYF	TRBV9	TRBJ2-7
TGTGCCAGCAGGTGGGTTGAGGTCGAGGATGCCTACGAGCAGTACTTC	CASRWVEVEDAYEQYF	TRBV6-1	TRBJ2-7
TGTGCCGTTACAGGGAGGACCATTCAGTACTTC	CAVTGRTIQYF	TRBV30	TRBJ2-4
TGTGCCATTTTCGACAGGGATCAGCCCCAGCATTTT	CAIFDRDQPQHF	TRBV18	TRBJ1-5
TGTGCCAGCAGCGTAGCTGGGGGCCGGTGTCAGCCCCAGCATTTT	CASSVAGGRCQPQHF	TRBV9	TRBJ1-5
TGCGCCAGCAATGTAGAGACCCAGTACTTC	CASNVETQYF	TRBV10-1	TRBJ2-5
TGTGCCAGCGTCCCAGGGACCGGGGAGCTGTTTTTT	CASVPGTGELFF	TRBV6-1	TRBJ2-2
TGTGCCAGCTCACCTCCCGGGACGGGGGAAGACCGAGAAAAACTGTTTTTT	CASSPPGTGEDREKLFF	TRBV18	TRBJ1-4
TGTGCCAGCAGCTGGTTAGGCAACGAGCAGTACTTC	CASSWLGNEQYF	TRBV9	TRBJ2-7
TGTGCCAGCAGCCTGCTTGGGACAGGGGGAGAGACCCAGTACTTC	CASSLLGTGGETQYF	TRBV3-1	TRBJ2-5
TGTGCCAGCAGTCGAAAGGCGCGGACGCCATCGGTTTACAATGAGCAGTTCTTC	CASSRKARTPSVYNEQFF	TRBV6-5	TRBJ2-1
TGTGCCAGCAGCAACTCGTCCCGGGACTACGAGCAGTACTTC	CASSNSSRDYEQYF	TRBV6-4	TRBJ2-7
TGCGCCAGCAGCTTGGTCCTAGCGGGGGTACCCCCTCGAACCTACAATGAGCAGTTCTTC	CASSLVLAGVPPRTYNEQFF	TRBV5-1	TRBJ2-1
TGTGCCAGCAGTTTACCCGACCCTGGGGGGAGCCGAGTCACCTTC	CASSLPDPGGSRVTF	TRBV12-4	TRBJ1-2
TGTGCCCTGAATGCATGGGACAGGGCGGGGGCTGAAAAACTGTTTTTT	CALNAWDRAGAEKLFF	TRBV19	TRBJ1-4
TGTGCCAGCAGCAATCCGGGACGGCGGGGTAATTCACCCCTCCACTTT	CASSNPGRRGNSPLHF	TRBV11-2	TRBJ1-6
TGTGCCAGCAGCGCATGCGTGAATTCACCCCTCCACTTT	CASSACVNSPLHF	TRBV7-3	TRBJ1-6
TGTGCCAGCAGCTTGCCAAGGTCCGACGGGACAGGGGGTTATGAGACCCAGTACTTC	CASSLPRSDGTGGYETQYF	TRBV5-4	TRBJ2-5
TGTGCCAGCAGTGGTTGGACTAGCGGACCCCCTAACACCGGGGAGCTGTTTTTT	CASSGWTSGPPNTGELFF	TRBV6-4	TRBJ2-2
TGTGCCAGCAGCTACGTAGCAGCAGGGGGGTGGGGTTGGATGAACACTGAAGCTTTCTTT	CASSYVAAGGWGWMNTEAFF	TRBV11-2	TRBJ1-1
TGTGCCAGCAGGACGGGGGGGGCCATCGGAGAGGCAAACACCGGGGAGCTGTTTTTT	CASRTGGAIGEANTGELFF	TRBV6-1	TRBJ2-2
TGTGCCAGATCCGACCCTCAGGGGAACACTGAAGCTTTCTTT	CARSDPQGNTEAFF	TRBV28	TRBJ1-1
TGTGCCAGCAGCGAACAGGGCTCTAATGAAAAACTGTTTTTT	CASSEQGSNEKLFF	TRBV5-6	TRBJ1-4
TGTGCCAGCAGCTTAAGTCTGTTGGGGCCGGGCTACACCTTC	CASSLSLLGPGYTF	TRBV7-8	TRBJ1-2
TGCGCCAGCAGCTCCCAGGGGAGGGAACGCAATCAGCCCCAGCATTTT	CASSSQGRERNQPQHF	TRBV5-1	TRBJ1-5
TGTGCCTGGAGTGGGACCCCCCCCACTCAGCCCCAGCATTTT	CAWSGTPPTQPQHF	TRBV30	TRBJ1-5
TGTGCCAGCAGCCCACAGGGGAGACGGACAGATACGCAGTATTTT	CASSPQGRRTDTQYF	TRBV7-3	TRBJ2-3
TGCGCCAGCAGGTCAGGGTATCACTATGGCTACACCTTC	CASRSGYHYGYTF	TRBV5-1	TRBJ1-2
TGTGCCAGCAGCGTGCTGAGCGCGGAGACCCAGTACTTC	CASSVLSAETQYF	TRBV7-3	TRBJ2-5
TGTGCCATCACGTGGGGCCGCTTAACAGGTCGGGGCTACACCTTC	CAITWGRLTGRGYTF	TRBV10-3	TRBJ1-2
TGTGCCTGGATCGGACAGTCCTACGAGCAGTACTTC	CAWIGQSYEQYF	TRBV30	TRBJ2-7
TGCGCCAGCAGCTTGACTGGGCCGGGGGCAGGGCAGTATTTT	CASSLTGPGAGQYF	TRBV5-1	TRBJ2-3
TGTGCCAGCAGCTTGACACAGGGTGAGCAGCCCCAGCATTTT	CASSLTQGEQPQHF	TRBV7-6	TRBJ1-5
TGCAGTGCTAGAGAAAGAGCGGGGAATGAGACCCAGTACTTC	CSARERAGNETQYF	TRBV20-1	TRBJ2-5
TGTGCCAGCAGCTGGGGGGAGGGTGAGCAGTACTTC	CASSWGEGEQYF	TRBV7-6	TRBJ2-7
TGTGCCAGCAGCTGGAGGGGGTGCTACAATGAGCAGTTCTTC	CASSWRGCYNEQFF	TRBV7-8	TRBJ2-1
TGTGCCACTGGCACAGGGGGTTACAATGAGCAGTTCTTC	CATGTGGYNEQFF	TRBV24-1	TRBJ2-1
TGTGTCCCCCGACCTCCCGGAGTAGTTGAGCAGTACTTC	CVPRPPGVVEQYF	TRBV2	TRBJ2-7
TGTGCCAGCAGCTTGGAGGACACTTTGCAGCCCCAGCATTTT	CASSLEDTLQPQHF	TRBV11-2	TRBJ1-5
TGTGCCAGCAGGGGCTTCCCCCAAACCGGAGGAGGGTGGCAGTCCTCTGGGGCCAACGTCCTGACTTTC	CASRGFPQTGGGWQSSGANVLTF	TRBV2	TRBJ2-6
TGTGCCAGCAGCGGGGGGGCCAGGACAGGGGGCTGGGGTAACACCGGGGAGCTGTTTTTT	CASSGGARTGGWGNTGELFF	TRBV7-9	TRBJ2-2
TGTGCCAGCAGCCAAGATTCGCATAGCTACGAGCAGTACTTC	CASSQDSHSYEQYF	TRBV3-1	TRBJ2-7
TGTGCCAGCAGCAGACCGGGACAGCTCACCTACGAGCAGTACTTC	CASSRPGQLTYEQYF	TRBV7-3	TRBJ2-7
TGCAGTGCTAGAGATCTTAGACTAGCGGGGGGGCAGGGAGAGACCCAGTACTTC	CSARDLRLAGGQGETQYF	TRBV20-1	TRBJ2-5
TGTGCCAGCAGCGCCTTAAGATCGACTGAAGCTTTCTTT	CASSALRSTEAFF	TRBV9	TRBJ1-1
TGCGCCAGCAGCGTCAGGACTAGCGGGGGGGATGAGCAGTTCTTC	CASSVRTSGGDEQFF	TRBV4-3	TRBJ2-1
TGCGCCAGCAGCCAAGATAAGTCTAGCGGGAAAGAGCAAGATACGCAGTATTTT	CASSQDKSSGKEQDTQYF	TRBV4-3	TRBJ2-3
TGTGCCAGCAGCGGGAGTGGACTAGCGGGACCTTACGAGCAGTACTTC	CASSGSGLAGPYEQYF	TRBV9	TRBJ2-7
TGTGCCAGCAGTGAAACAGTTCCGGGACAGGGGGCTAGGAGGTTAGGCAATGAGCAGTTCTTC	CASSETVPGQGARRLGNEQFF	TRBV2	TRBJ2-1
TGCGCCAGCAGCCCCGTCGGCGTAGAAGTTACAGGGAAGAATACCGGGGAGCTGTTTTTT	CASSPVGVEVTGKNTGELFF	TRBV4-3	TRBJ2-2
TGCGCCAGCAGCTTGGGAGACACAGATACGCAGTATTTT	CASSLGDTDTQYF	TRBV5-1	TRBJ2-3
TGTGCCAGCAGAACGCTGGGGGGGGGCTACACCTTC	CASRTLGGGYTF	TRBV6-5	TRBJ1-2
TGTGCCAGCAAGTGGGGACTAAGCACAGATACGCAGTATTTT	CASKWGLSTDTQYF	TRBV6-4	TRBJ2-3
TGTGCCAGCAGTTGGGGGGGCCGGGTAGACGTCTACGAGCAGTACTTC	CASSWGGRVDVYEQYF	TRBV12-4	TRBJ2-7
TGTGCCAGGGAGGGACTAGTGGGGGAGACCCAGTACTTC	CAREGLVGETQYF	TRBV2	TRBJ2-5
TGTGCCAGCAGCTTCCGGGACAGAAGGTCACAGCCCCAGCATTTT	CASSFRDRRSQPQHF	TRBV5-5	TRBJ1-5
TGTGCCAGCTCACCACCAAAAAATTGGAAGACCTCCTACAATGAGCAGTTCTTC	CASSPPKNWKTSYNEQFF	TRBV18	TRBJ2-1
TGTGCCAGCAGCGTAGGCGTTAGGCTAGAGACCCAGTACTTC	CASSVGVRLETQYF	TRBV9	TRBJ2-5
TGTGCCAGCTCACCGCGGGGGGCCTACACCGGGGAGCTGTTTTTT	CASSPRGAYTGELFF	TRBV18	TRBJ2-2
TGTGCCAGTCAGGTCATGGACTCCTACGAGCAGTACTTC	CASQVMDSYEQYF	TRBV6-2	TRBJ2-7
TGTGCCAGCAGTTTTTTCCAGGGCCTGTCCTATGGCTACACCTTC	CASSFFQGLSYGYTF	TRBV12-3	TRBJ1-2
TGTGCCAGCAGATTATTGACCTACAATGAGCAGTTCTTC	CASRLLTYNEQFF	TRBV11-2	TRBJ2-1
TGTGCCAGCAGCTTGAGGGATAGCTCCTCCAAAAACATTCAGTACTTC	CASSLRDSSSKNIQYF	TRBV5-6	TRBJ2-4
TGTGCCAGCAGCCGCGCCCCTAGCGGGCGGCCCTACAATGAGCAGTTCTTC	CASSRAPSGRPYNEQFF	TRBV7-3	TRBJ2-1
TGTGCCAGCAGTTTGGGGTGCTACTACAATGAGCAGTTCTTC	CASSLGCYYNEQFF	TRBV28	TRBJ2-1
TGTGCCAGCAGCACGCCACCCGAGCGGGGCATAGGAAGGAACACTGAAGCTTTCTTT	CASSTPPERGIGRNTEAFF	TRBV6-2	TRBJ1-1
TGTGCCAGCAGCGGGGGGTTGGCCACAGATACGCAGTATTTT	CASSGGLATDTQYF	TRBV6-5	TRBJ2-3
TGTGCCAGCAGAGGGACACGTTTTGCCAATTCACCCCTCCACTTT	CASRGTRFANSPLHF	TRBV6-4	TRBJ1-6
TGTGCCACTTCTAAATCCCGGGACAGGGTTGACACCATATATTTT	CATSKSRDRVDTIYF	TRBV6-4	TRBJ1-3
TGTGCCACCAGTGAACTCCGGGACCTCCACTTT	CATSELRDLHF	TRBV24-1	TRBJ1-6
TGTGCCAGCAGCGGGGGGAGGGTAGGGACGGAGAACACTGAAGCTTTCTTT	CASSGGRVGTENTEAFF	TRBV11-2	TRBJ1-1
TGTGCCACCAGCCCGGACAGGGGAACCGGGGAGCTGTTTTTT	CATSPDRGTGELFF	TRBV15	TRBJ2-2
TGTGCCAGCAGCCGCCCCTACACAGATACGCAGTATTTT	CASSRPYTDTQYF	TRBV28	TRBJ2-3
TGTGCCAGCAGGAGGGACAGATTGAACACTGAAGCTTTCTTT	CASRRDRLNTEAFF	TRBV6-6	TRBJ1-1
TGTGCCACGCTGGAGACAGGTCCCTGTAACACCGGGGAGCTGTTTTTT	CATLETGPCNTGELFF	TRBV19	TRBJ2-2
TGTGCCAGCAGTTACTACGGGACAACAAACAATGAGCAGTTCTTC	CASSYYGTTNNEQFF	TRBV6-6	TRBJ2-1
TGTGCCAGCAGTTTCCACGGGACTAGCATAACTTCAGAGACCCAGTACTTC	CASSFHGTSITSETQYF	TRBV27	TRBJ2-5
TGTGCCAGCGTTCACATTCGCAATCAGCCCCAGCATTTT	CASVHIRNQPQHF	TRBV12-4	TRBJ1-5
TGTGCCTGGAGAAGAATGACAGGGGGAGCTAGCACAGATACGCAGTATTTT	CAWRRMTGGASTDTQYF	TRBV30	TRBJ2-3
TGTGCCATCAGTGCCAGGACCGGGACAGGTTCGCGCTACGAGCAGTACTTC	CAISARTGTGSRYEQYF	TRBV10-3	TRBJ2-7
TGTGCCAACCCGGAGCGGGACAGGGTAAGGGCCTACGAGCAGTACTTC	CANPERDRVRAYEQYF	TRBV6-1	TRBJ2-7
TGTGCCAGCAGCGGGGGTCCAGAGGACAGAGGCTATGGCTACACCTTC	CASSGGPEDRGYGYTF	TRBV9	TRBJ1-2
TGCAGTGCGGCCATGAGGTGCTACGAGCAGTACTTC	CSAAMRCYEQYF	TRBV20-1	TRBJ2-7
TGTGCCGGCGGGACAAGGCCTGAAAAACTGTTTTTT	CAGGTRPEKLFF	TRBV6-6	TRBJ1-4
TGCAGCGTTGGCATGGGACTAGATGACTCCTACGAGCAGTACTTC	CSVGMGLDDSYEQYF	TRBV29-1	TRBJ2-7
TGCGCCAGCAGCTCCAACGGGGGATGTTCTAGGTTGCCCCAGCATTTT	CASSSNGGCSRLPQHF	TRBV5-1	TRBJ1-5
TGTGCCAGCGTCCGGGACAGGTCGCAGTACTTC	CASVRDRSQYF	TRBV6-5	TRBJ2-7
TGTGCCAGCAGCCTAAACAGGGGGCGCGGCGAACATGGCTACACCTTC	CASSLNRGRGEHGYTF	TRBV13	TRBJ1-2
TGTGCCAGCAGGCCATGTGCTAATGAGCAGTTCTTC	CASRPCANEQFF	TRBV6-5	TRBJ2-1
TGTGCCAGCAGCCTGAGGACCATTGGGCAGGTCGAGCAGTACTTC	CASSLRTIGQVEQYF	TRBV11-3	TRBJ2-7
TGTGCCAGCAGCCGGAGGGGACAGGAGGGCTACACCTTC	CASSRRGQEGYTF	TRBV11-3	TRBJ1-2
TGTGCCAGCAGCCGGGACAGGAAAAGCTCTGGAAACACCATATATTTT	CASSRDRKSSGNTIYF	TRBV13	TRBJ1-3
TGTGCCAGCAGTGAATATGTGGACAGGGGGGTCACTGAAGCTTTCTTT	CASSEYVDRGVTEAFF	TRBV25-1	TRBJ1-1
TGTGCCACCAGTGATTACACAGGGGTCTCATGTGGCTACACCTTC	CATSDYTGVSCGYTF	TRBV24-1	TRBJ1-2
TGTGCCAGCAGTTACTTGGCGATCACGGGTTCCACTGAAGCTTTCTTT	CASSYLAITGSTEAFF	TRBV6-3	TRBJ1-1
TGTGCCAGCAGCGTCCCAAGTTCAACAGGGGAGGAAAGGATGAACACTGAAGCTTTCTTT	CASSVPSSTGEERMNTEAFF	TRBV9	TRBJ1-1
TGTGCCACAAGTAGCGATAGAGAGGAAACGACGAGTGAGCAGTTCTTC	CATSSDREETTSEQFF	TRBV7-3	TRBJ2-1
TGTGCCAGCAGCATAATTGAAGGGGACCCGATGGACGAGCAGTACTTC	CASSIIEGDPMDEQYF	TRBV11-2	TRBJ2-7
TGTGCCAGCAGTAACGATGCCGAATACGAGCAGTACTTC	CASSNDAEYEQYF	TRBV6-5	TRBJ2-7
TGTGCCAGCAGTCATGCGCTAGGAGCTTTCTTT	CASSHALGAFF	TRBV27	TRBJ1-1
TGTGCCATCAGTGACCTAAATAGGGGAGGTGATACGCAGTATTTT	CAISDLNRGGDTQYF	TRBV10-3	TRBJ2-3
TGTGCCAGCAGCTGTCCGGGACTAGCGGGAGTAACCAAGGAGACCCAGTACTTC	CASSCPGLAGVTKETQYF	TRBV5-6	TRBJ2-5
TGTGCCAGTCGGACAGGGGTGGTCGAGTATGAAGCTTTCTTT	CASRTGVVEYEAFF	TRBV9	TRBJ1-1
TGTGCCAGCAGCACCAGGGGAGGGAAGAAGGGTAACTATGGCTACACCTTC	CASSTRGGKKGNYGYTF	TRBV7-4	TRBJ1-2
TGTGCCACAGGACAGGAGACTTTAAGCGGCTCCTACGAGCAGTACTTC	CATGQETLSGSYEQYF	TRBV24-1	TRBJ2-7
TGTGCCAGCAGCTTCACAAGGTCGGGACTAGCGGGTTGGTACGAGCAGTACTTC	CASSFTRSGLAGWYEQYF	TRBV7-9	TRBJ2-7
TGTGCCAGCAGGAGTAGCGGGCGCACAGATACGCAGTATTTT	CASRSSGRTDTQYF	TRBV6-5	TRBJ2-3
TGTGCCAGCAGTGCCCAGGACTCTGAAAAACTGTTTTTT	CASSAQDSEKLFF	TRBV28	TRBJ1-4
TGTGCCAGCAGCTTGCAATTGGGGGGGGTGAACACCGGGGAGCTGTTTTTT	CASSLQLGGVNTGELFF	TRBV11-3	TRBJ2-2
TGTGCCAGCAGCGCGGGAGGCCTTGGCTACACCTTC	CASSAGGLGYTF	TRBV13	TRBJ1-2
TGTGCCAGCAGCGGTGTACGGCCATACAGGTCTTACAATGAGCAGTTCTTC	CASSGVRPYRSYNEQFF	TRBV7-9	TRBJ2-1
TGCAGTGCTAGTAACAGATCAACTGCCTATGGCTACACCTTC	CSASNRSTAYGYTF	TRBV20-1	TRBJ1-2
TGTGCCACCCCTGTAGATGGAGACGAGCAGTACTTC	CATPVDGDEQYF	TRBV19	TRBJ2-7
TGTGCCAGCAGCCTGTTTCAAGCCCTTAGCTACGAGCAGTACTTC	CASSLFQALSYEQYF	TRBV3-1	TRBJ2-7
TGTGCCAGCTCATCCGGGACAGGGGTTCGCGAGCAGTACTTC	CASSSGTGVREQYF	TRBV18	TRBJ2-7
TGTGCCAGCAGCGGGCGGGACAACCCCCATGGCTACACCTTC	CASSGRDNPHGYTF	TRBV11-2	TRBJ1-2
TGTGCCAGCAGTTTATCCCCGGGACAGGGGGCGTCTTTCGTCACCGGGGAGCTGTTTTTT	CASSLSPGQGASFVTGELFF	TRBV28	TRBJ2-2
TGTGCCACCAGCAGAGAAGGGACTAGCGGGAGGGCCCAGAGCTCTGGAAACACCATATATTTT	CATSREGTSGRAQSSGNTIYF	TRBV15	TRBJ1-3
TGCAGTGCTAGATTTAGTGAAGAGACCCAGTACTTC	CSARFSEETQYF	TRBV20-1	TRBJ2-5
TGTGCCAGCAGTTACCTACCCCCGACTAGGAAAGAGACCCAGTACTTC	CASSYLPPTRKETQYF	TRBV6-9	TRBJ2-5
TGCAGTGCTAGAGTGTTGACGGGACAGGGTGAGCGAAAAAACATTCAGTACTTC	CSARVLTGQGERKNIQYF	TRBV20-1	TRBJ2-4
TGTGCCAGCAGTGAGGTTGGTGGGGGGGCCCTCCCTGGAAGGAGCTACGAGCAGTACTTC	CASSEVGGGALPGRSYEQYF	TRBV6-4	TRBJ2-7
TGTGCCAGCAGTTTATCCGCGAGACAGGGGGCGAACACTGAAGCTTTCTTT	CASSLSARQGANTEAFF	TRBV27	TRBJ1-1
TGTGCCAGCAGCCCTGGACACATAAATGGCTACACCTTC	CASSPGHINGYTF	TRBV2	TRBJ1-2
TGTGCCACCAGTGATCCCCGGTCTCAAGAGACCCAGTACTTC	CATSDPRSQETQYF	TRBV24-1	TRBJ2-5
TGTGCCAGTAGTGTGACTTCACCCCTCCACTTT	CASSVTSPLHF	TRBV19	TRBJ1-6
TGTGCCAGCAGTTTACCCTATACGGGGGAGGGTCTCGGTGTACACAGCAATGAGCAGTTCTTC	CASSLPYTGEGLGVHSNEQFF	TRBV12-4	TRBJ2-1
TGTGCCAGCAGCGTAGCTCCTCTCCTGGGGAGGGGACACACTGAAGCTTTCTTT	CASSVAPLLGRGHTEAFF	TRBV9	TRBJ1-1
TGTGCCAGCAGTTTCCACGGGGGGGGGCATGACAATGAGCAGTTCTTC	CASSFHGGGHDNEQFF	TRBV27	TRBJ2-1
TGTGCCAGCAGTTTATTTTCTAGCGGGAGGAGCTCCTACAATGAGCAGTTCTTC	CASSLFSSGRSSYNEQFF	TRBV27	TRBJ2-1
TGTGCCACCAGCAGAGGGGGCATCCTGTTTTTT	CATSRGGILFF	TRBV15	TRBJ1-4
TGTGCCAGCAGCCACGGAACAGATACGCAGTATTTT	CASSHGTDTQYF	TRBV7-4	TRBJ2-3
TGTGCTAGTGGGGACTCCTCGCAACAGGGGGCCTACGAGCAGTACTTC	CASGDSSQQGAYEQYF	TRBV12-5	TRBJ2-7
TGTGCCTCACTTCAGGGGGCTGGTTTGGACGAGCAGTACTTC	CASLQGAGLDEQYF	TRBV24-1	TRBJ2-7
TGTGCCACCAAGTTGGGACAGGGTCTCCGAAGCTCCTACGAGCAGTACTTC	CATKLGQGLRSSYEQYF	TRBV24-1	TRBJ2-7
TGCGCCAGCAGCCGCGGGACTGGCCGCACAGATACGCAGTATTTT	CASSRGTGRTDTQYF	TRBV5-1	TRBJ2-3
TGTGCCTGTCAGATGGGGGGAGGAACCATGTTGGAGCCCCAGCATTTT	CACQMGGGTMLEPQHF	TRBV30	TRBJ1-5
TGTGCCAGCAGCGTCTCCACTAGCTTCGGAGAGACCCAGTACTTC	CASSVSTSFGETQYF	TRBV9	TRBJ2-5
TGTGCCAGCAGGGACAGCGGGCCCTACAATGAGCAGTTCTTC	CASRDSGPYNEQFF	TRBV11-3	TRBJ2-1
TGTGCCAGCAGCCTAAAGGGGACAGGGGACTGCACTGAAGCTTTCTTT	CASSLKGTGDCTEAFF	TRBV14	TRBJ1-1
TGTGCCAGCAGCATCGGACAGGGGCATGGCTACACCTTC	CASSIGQGHGYTF	TRBV4-2	TRBJ1-2
TGCGCCAGCAGTACAACTCCCACACCCCCCTCCTACGAGCAGTACTTC	CASSTTPTPPSYEQYF	TRBV10-2	TRBJ2-7
TGTGCCAGCAGCTTGACGATCCCAGGTCACAGGGGGCAGCAGCCCCAGCATTTT	CASSLTIPGHRGQQPQHF	TRBV5-4	TRBJ1-5
TGTGCCGTTACAGGATTCGAGCAGTACTTC	CAVTGFEQYF	TRBV7-2	TRBJ2-7
TGTGCCAAAAGTTTACAGGGGGCAAGTGAAGCTTTCTTT	CAKSLQGASEAFF	TRBV6-5	TRBJ1-1
TGTGCCAGCAGCACGGGAGCAAGGACGGAGACCCAGTACTTC	CASSTGARTETQYF	TRBV3-1	TRBJ2-5
TGTGCCACCCTGTCCATACCGTTGGTTAAATACAATGAGCAGTTCTTC	CATLSIPLVKYNEQFF	TRBV24-1	TRBJ2-1
TGTGCCAGCAGCCAGGGGAACCCTATCCTACAGCCCCAGCATTTT	CASSQGNPILQPQHF	TRBV13	TRBJ1-5
TGTGATAGGGTATATAATTCACCCCTCCACTTT	CDRVYNSPLHF	TRBV6-6	TRBJ1-6
TGTGCCAGCAGTGACGGGGGTCTCGGCTACACCTTC	CASSDGGLGYTF	TRBV6-4	TRBJ1-2
TGTGCCAGCACTACTAGGGGGGGGCTTCAAGAGACCCAGTACTTC	CASTTRGGLQETQYF	TRBV6-4	TRBJ2-5
TGTGCCAGCAGCCCTCTAGCGGGTATTGAGCAGTTCTTC	CASSPLAGIEQFF	TRBV13	TRBJ2-1
TGCGCCAGCAGCTTGTTCATGGACAGCGGAGTCGGCTACACCTTC	CASSLFMDSGVGYTF	TRBV5-1	TRBJ1-2
TGTGCCTGGAGTGTACTTGAGGGGGTTAGTGGGGCCAACGTCCTGACTTTC	CAWSVLEGVSGANVLTF	TRBV30	TRBJ2-6
TGTGCCAGCAGCACCCCGAGGGGAGGCTCTGGGGCCAACGTCCTGACTTTC	CASSTPRGGSGANVLTF	TRBV7-4	TRBJ2-6
TGTGCCAGCAGCTGGGTAGGACAGGGGGCTGGCAATCAGCCCCAGCATTTT	CASSWVGQGAGNQPQHF	TRBV9	TRBJ1-5
TGTGCCAGCAGTGACAGGGTTCAGCCCCAGCATTTT	CASSDRVQPQHF	TRBV27	TRBJ1-5
TGTGCCAGCAGCTTGACCAGAGGGATACCGGGATTAATTCCAGTACCTAATTCACCCCTCCACTTT	CASSLTRGIPGLIPVPNSPLHF	TRBV5-6	TRBJ1-6
TGTGCCAGCAGTGAACCCGGGGACAAGGCCTTAATCCCAGCTAGGACTGAAGCTTTCTTT	CASSEPGDKALIPARTEAFF	TRBV2	TRBJ1-1
TGTGCCACCGCCCACGGGACGGAAATCTTC	CATAHGTEIF	TRBV24-1	TRBJ2-1
TGTGCCGTTTCTGGACAGGGGGCGAAGGGGAGGAGCTCCTACGAGCAGTACTTC	CAVSGQGAKGRSSYEQYF	TRBV2	TRBJ2-7
TGCAGCGTACCCCCGGGGCGGGAGGAGCAGTACTTC	CSVPPGREEQYF	TRBV29-1	TRBJ2-7
TGCAGTGCTAGAGTGGGACAGGGGGCCACGCATGAAGCTTTCTTT	CSARVGQGATHEAFF	TRBV20-1	TRBJ1-1
TGTGCCAGCAGCTTAGGCCCAGGGCAGACTTGCCAAGAGACCCAGTACTTC	CASSLGPGQTCQETQYF	TRBV7-9	TRBJ2-5
TGCAGTCAGATACTTTATGGCTACACCTTC	CSQILYGYTF	TRBV20-1	TRBJ1-2
TGTGCCAGAGAGCGGGTTAGATACGAGCAGTACTTC	CARERVRYEQYF	TRBV10-3	TRBJ2-7
TGTGCCAGCAGGTCGGACAGACTGGGCTCCTACAATGAGCAGTTCTTC	CASRSDRLGSYNEQFF	TRBV5-6	TRBJ2-1
TGTGCGTCCCCGTGCCCCACCAGCACAGATACGCAGTATTTT	CASPCPTSTDTQYF	TRBV28	TRBJ2-3
TGTGCCAGCAGCATACAGGGGGGCTACACCTTC	CASSIQGGYTF	TRBV13	TRBJ1-2
TGTGCCAGCAGCTTAGGGGACTCGAGGGGGGCCATGGGGAACACCGGGGAGCTGTTTTTT	CASSLGDSRGAMGNTGELFF	TRBV7-9	TRBJ2-2
TGTGCCAGCAGGGTATGGGACAGGTACACAGATACGCAGTATTTT	CASRVWDRYTDTQYF	TRBV6-4	TRBJ2-3
TGCGCCAGCAGCTTGAGACAGTTGGAACTCTACGAGCAGTACTTC	CASSLRQLELYEQYF	TRBV5-1	TRBJ2-7
TGTGCCAGCAGCCAAGAAAGCCTGAGGGACAGGGGGCGGCACTACGAGCAGTACTTC	CASSQESLRDRGRHYEQYF	TRBV14	TRBJ2-7
TGCGCCAGCAGAACGCAGGGGTACGAGCAGTACTTC	CASRTQGYEQYF	TRBV5-1	TRBJ2-7
TGTGCCAGCAGCCCCCCAGGGCGAGGAGGTAGCTCCTATAATTCACCCCTCCACTTT	CASSPPGRGGSSYNSPLHF	TRBV5-6	TRBJ1-6
TGTGCCAGCAGCTTAGCTAGCGGGACCTCCTACGAGCAGTACTTC	CASSLASGTSYEQYF	TRBV7-2	TRBJ2-7
TGCAGCGTTGACGCAGGGTATAATGGCTACACCTTC	CSVDAGYNGYTF	TRBV29-1	TRBJ1-2
TGTGCCAGCAGGACCTTCCCGGGACAGGGTGGTACTGAAGCTTTCTTT	CASRTFPGQGGTEAFF	TRBV6-1	TRBJ1-1
TGTGCCAGCAGGGAGGGTCGGGGGGCCGCCTACGAGCAGTACTTC	CASREGRGAAYEQYF	TRBV12-4	TRBJ2-7
TGCGCCAGCAGCTTCCGTAATCATAGACTAGTTTCGCTTGAGACCCAGTACTTC	CASSFRNHRLVSLETQYF	TRBV5-1	TRBJ2-5
TGTGCCAGCAGCTTTAAGCAGTGGGGGGGCGGTATGAATTCTGGCTACACCTTC	CASSFKQWGGGMNSGYTF	TRBV7-9	TRBJ1-2
TGTGCCAGCAGCTTGGCCTACAGGGGGCTGGTGGCCTACGAGCAGTACTTC	CASSLAYRGLVAYEQYF	TRBV5-4	TRBJ2-7
TGTGCCAGCAGCCAAGGACAGCAGACCCAGTACTTC	CASSQGQQTQYF	TRBV3-1	TRBJ2-5
TGTGCCAGCTTACAGGGGCATAGCACAGATACGCAGTATTTT	CASLQGHSTDTQYF	TRBV7-3	TRBJ2-3
TGTGCCTGGAGTGTAGGGGATGGGACAGGGACCCAGTACTTC	CAWSVGDGTGTQYF	TRBV30	TRBJ2-5
TGTGCCCCTGCCGGGGGACACCTCGTAAACACTGAAGCTTTCTTT	CAPAGGHLVNTEAFF	TRBV14	TRBJ1-1
TGCAGTGCTGGACAGCAAGCTTTCTTT	CSAGQQAFF	TRBV20-1	TRBJ1-1
TGTGCCAGCAGCAGACAGGGGAACTCGATTCAGCCCCAGCATTTT	CASSRQGNSIQPQHF	TRBV7-7	TRBJ1-5
TGTGCCAGCAGATTAACGGGGGGGGGTGGCTACACCTTC	CASRLTGGGGYTF	TRBV6-5	TRBJ1-2
TGTGCCAGCAGCGGGGGGGGCTACGAGCAGTACTTC	CASSGGGYEQYF	TRBV5-6	TRBJ2-7
TGTGCCAGCAGTTACAATGTTAGGGAGGGCCAGGTCCCCCAGCATTTT	CASSYNVREGQVPQHF	TRBV6-8	TRBJ1-5
TGTGCCACCAGCAGCCCCCCAGGAGGCTTGAACACTGAAGCTTTCTTT	CATSSPPGGLNTEAFF	TRBV15	TRBJ1-1
TGCAGTGCTGCTCCCCCCATCACAGGGGAGACAGAGACCCAGTACTTC	CSAAPPITGETETQYF	TRBV20-1	TRBJ2-5
TGTGCCAGCTTAGAGGAACTGCATGAGCAGTTCTTC	CASLEELHEQFF	TRBV28	TRBJ2-1
TGTGCCAGCAGCTTAGGACCAGAACCCCAGACGGTTGGCTACACCTTC	CASSLGPEPQTVGYTF	TRBV11-2	TRBJ1-2
TGTGCCAGCAGCCCTTGGCTGACTGAAGCTTTCTTT	CASSPWLTEAFF	TRBV7-3	TRBJ1-1
TGTGCCAGCAGCCCGGGTCCCTGGAAGAACGAGCAGTACTTC	CASSPGPWKNEQYF	TRBV13	TRBJ2-7
TGTGCCAGCAGCTCCCTAAGAGCGCTGATTGGCTACAATGAGCAGTTCTTC	CASSSLRALIGYNEQFF	TRBV5-6	TRBJ2-1
TGCAGTGCGGGTCCGGGGATCTCTGGAAACACCATATATTTT	CSAGPGISGNTIYF	TRBV20-1	TRBJ1-3
TGTGCCAGTAGTATAGAGAGCGGGGCTAACTATGGCTACACCTTC	CASSIESGANYGYTF	TRBV19	TRBJ1-2
TGTGCCAGCAGCGTAGCCGGGGGTGGTCAGCCCCAGCATTTT	CASSVAGGGQPQHF	TRBV9	TRBJ1-5
TGCAGCGTTGTCCGGTTGTTTGGGGCTGCCGGAAACACCATATATTTT	CSVVRLFGAAGNTIYF	TRBV29-1	TRBJ1-3
TGTGCCAGCAGTCGGGGGGGGGATGAGCAGTTCTTC	CASSRGGDEQFF	TRBV27	TRBJ2-1
TGTGCCAGCAGCAGTGGAGGGCCGAGGAATGAAAAACTGTTTTTT	CASSSGGPRNEKLFF	TRBV13	TRBJ1-4
TGTGCCAGTAGTGACAGGGGGAGGGCTGGAAACACCATATATTTT	CASSDRGRAGNTIYF	TRBV19	TRBJ1-3
TGTGCCAGCAGCCCTGGGGCCGGCGGGAAGGGCAATCAGCCCCAGCATTTT	CASSPGAGGKGNQPQHF	TRBV7-9	TRBJ1-5
TGTGCCAGTCTTTCTGGACAGGGGGTGTTATGGTCCACCAAAAACATTCAGTACTTC	CASLSGQGVLWSTKNIQYF	TRBV27	TRBJ2-4
TGTGCCAGCAGCTTGGTAAGAGAGGGGATTACCTACGAGCAGTACTTC	CASSLVREGITYEQYF	TRBV5-5	TRBJ2-7
TGTGCCTGGAGTGTAGGGGGGTGGCGGATTCGGTTGAGACAAGGTGAGCAGTTCTTC	CAWSVGGWRIRLRQGEQFF	TRBV30	TRBJ2-1
TGTGCCAGCAGTGAAGGGTGGGGCGAGCAGTACTTC	CASSEGWGEQYF	TRBV6-1	TRBJ2-7
TGCAGTGCTAGTAAGCGCATGTTTGGGGCGGTATTTCAGCCCCAGCATTTT	CSASKRMFGAVFQPQHF	TRBV20-1	TRBJ1-5
TGCGCCAGCAGCGCGCTCGGGACAGGGGGAAGGGTTAGCAATCAGCCCCAGCATTTT	CASSALGTGGRVSNQPQHF	TRBV10-1	TRBJ1-5
TGCGCCAGCAGCCAAGCAGAGGGCTACGAGCAGTACTTC	CASSQAEGYEQYF	TRBV4-1	TRBJ2-7
TGCGCCAGCAGAATCAGGGGGGGGGGGCCGGAGCTGTTTTTT	CASRIRGGGPELFF	TRBV10-1	TRBJ2-2
TGTGCTAGTGGCAAGACGGGACAGGGGAGTCTACAGAACACTGAAGCTTTCTTT	CASGKTGQGSLQNTEAFF	TRBV12-5	TRBJ1-1
TGTGCCAGCAGTGACGGGACTGCTTACGAGCAGTACTTC	CASSDGTAYEQYF	TRBV27	TRBJ2-7
TGTGCCAGCACCTACGACACTGATGGGGCCAACGTCCTGACTTTC	CASTYDTDGANVLTF	TRBV7-3	TRBJ2-6
TGCGCCAGCCCTGCAAGCTTAGGTCAGCCCCAGCATTTT	CASPASLGQPQHF	TRBV4-1	TRBJ1-5
TGTGCCACCAGTGATTTGCCAGGGGGATGTGCGGGCACAGATACGCAGTATTTT	CATSDLPGGCAGTDTQYF	TRBV24-1	TRBJ2-3
TGTGCCAGCAGGGTCCGCGGGAGGGGTTCCTACGAGCAGTACTTC	CASRVRGRGSYEQYF	TRBV6-4	TRBJ2-7
TGTGCCAGCAGTTGGGGGGACAGCGAGAACACTGAAGCTTTCTTT	CASSWGDSENTEAFF	TRBV6-5	TRBJ1-1
TGTGCCAGCAGTTTAGAACCGAGCTCCTACGAGCAGTACTTC	CASSLEPSSYEQYF	TRBV27	TRBJ2-7
TGTGCCAGCAGCTTAGGCATAACGGAATGCCCGGAGCAGTACTTC	CASSLGITECPEQYF	TRBV11-1	TRBJ2-7
TGTGCCAGCAGTTTACTCGGGGGTCCCGGGGAGCTGTTTTTT	CASSLLGGPGELFF	TRBV12-4	TRBJ2-2
TGTGCCAGCAGTGGGGGGGTTCCATACAATGAGCAGTTCTTC	CASSGGVPYNEQFF	TRBV12-4	TRBJ2-1
TGTGCCAGCTTGAGGCCGGGAGGGTGGCGAGAGCAGTACTTC	CASLRPGGWREQYF	TRBV7-9	TRBJ2-7
TGTGCCAGCAGCCACCGGGGAGTAGGCACTGAAGCTTTCTTT	CASSHRGVGTEAFF	TRBV7-7	TRBJ1-1
TGCAGTGCTAGAGATGGGATGCGTTATGAGCAGTTCTTC	CSARDGMRYEQFF	TRBV20-1	TRBJ2-1
TGTGCCAGCACCTTAGGCGGGACACCGGGGGCCAACGTCCTGACTTTC	CASTLGGTPGANVLTF	TRBV12-4	TRBJ2-6
TGTGCCTGGAGTCACCGGACGGGGCTGTTTTTT	CAWSHRTGLFF	TRBV30	TRBJ1-4
TGCAGTGGCTACTCTAGCGGGCTCACCGAGCAGTACTTC	CSGYSSGLTEQYF	TRBV20-1	TRBJ2-7
TGCGCCAGCAGCTTGATCACTGAAGCTTTCTTT	CASSLITEAFF	TRBV5-1	TRBJ1-1
TGTGCCACCGGGACAGGGGGCCTGCGAGGCGAGCAGTACTTC	CATGTGGLRGEQYF	TRBV24-1	TRBJ2-7
TGTGCCAGCAGTTTCACAGGGGGGGATGGGATGTTTCTTTCACCCCTCCACTTT	CASSFTGGDGMFLSPLHF	TRBV6-5	TRBJ1-6
TGTGCCCTCCCCGGGACAGGGGACGTAAAACTGTTTTTT	CALPGTGDVKLFF	TRBV9	TRBJ1-4
TGTGCCAGCAGCTTGGTCCCCCCGATGGGCCGACAGACAGGGGGCAGTAACACTGAAGCTTTCTTT	CASSLVPPMGRQTGGSNTEAFF	TRBV5-4	TRBJ1-1
TGTGCCAGCAGCTTGTCTACGGGAAACACCATATATTTT	CASSLSTGNTIYF	TRBV5-8	TRBJ1-3
TGTGCCAGCAGCCACACACAGGGGAACACTGAAGCTTTCTTT	CASSHTQGNTEAFF	TRBV4-2	TRBJ1-1
TGTGCCAGCAGCTGGAACCGACATAAGAACTATGGCTACACCTTC	CASSWNRHKNYGYTF	TRBV7-9	TRBJ1-2
TGTGCCAGCAGTGAAGGACAGTTAGCATTGTCCTACGAGCAGTACTTC	CASSEGQLALSYEQYF	TRBV25-1	TRBJ2-7
TGTCGCAGAACGGGGGGACCCTACAATGAGCAGTTCTTC	CRRTGGPYNEQFF	TRBV6-6	TRBJ2-1
TGTGCCAGCAGCGCTACAACAGGCAATCAGCCCCAGCATTTT	CASSATTGNQPQHF	TRBV13	TRBJ1-5
TGCGCCAGCAGCCCAGACGGTCGCAATCAGCCCCAGCATTTT	CASSPDGRNQPQHF	TRBV5-1	TRBJ1-5
TGTGCCAGCACAGGGGCCCAAGAGACCCAGTACTTC	CASTGAQETQYF	TRBV5-4	TRBJ2-5
TGTGCCAGCAGCTTGCCGATAATCGGGCACGAGCAGTACTTC	CASSLPIIGHEQYF	TRBV5-6	TRBJ2-7
TGTGCTAGTGGTTTAGGGGTAGCTTTCTTT	CASGLGVAFF	TRBV12-5	TRBJ1-1
TGTGCCACCAGTGATTTGGAAGCAATAAATACGGCCTACGAGCAGTACTTC	CATSDLEAINTAYEQYF	TRBV24-1	TRBJ2-7
TGCAGTGCTAGTTCGGGCCTAGCGGCGGGATACGAGCAGTACTTC	CSASSGLAAGYEQYF	TRBV20-1	TRBJ2-7
TGTGCCAGCAGCTTAACCGGGGGATTCAGCTCCTACAATGAGCAGTTCTTC	CASSLTGGFSSYNEQFF	TRBV11-2	TRBJ2-1
TGCAGCGTCTCTTGGGGTGACGCAACTAATGAAAAACTGTTTTTT	CSVSWGDATNEKLFF	TRBV29-1	TRBJ1-4
TGTGCCACCAGCAGAGGGACAGGGCTCTACAATGAGCAGTTCTTC	CATSRGTGLYNEQFF	TRBV15	TRBJ2-1
TGTGCCAGCAGTTACGACCGGACAGGGGGCAGCGGAAACACCATATATTTT	CASSYDRTGGSGNTIYF	TRBV6-2	TRBJ1-3
TGTGCCAGCAGTTTATGGACAGCGTCCTACGAGCAGTACTTC	CASSLWTASYEQYF	TRBV27	TRBJ2-7
TGCGCCAGCAGTGAGGGCATTTTGAGGACTAGCGGGACAGATACGCAGTATTTT	CASSEGILRTSGTDTQYF	TRBV10-2	TRBJ2-3
TGTGCCAGCCCCCGGTGTTACAGGGGATCCTCTGGAAACACCATATATTTT	CASPRCYRGSSGNTIYF	TRBV27	TRBJ1-3
TGTGCCAGCTCACGAAGGGGTGCCGGGGAGCTGTTTTTT	CASSRRGAGELFF	TRBV18	TRBJ2-2
TGTGCCAGCAGCTTGGCCACAGACTGGACAGGCGGCCACCCCTCCTACGAGCAGTACTTC	CASSLATDWTGGHPSYEQYF	TRBV5-6	TRBJ2-7
TGTGCCAGCAGCTTGGACCTAGACCCGTTCACGAACACTGAAGCTTTCTTT	CASSLDLDPFTNTEAFF	TRBV5-6	TRBJ1-1
TGCAGTGCTAGATCCCGGGACAGGGGAGAGTCCACCGGGGAGCTGTTTTTT	CSARSRDRGESTGELFF	TRBV20-1	TRBJ2-2
TGTGCCAGCATCGCTAAGCGAGAGAACACTGAAGCTTTCTTT	CASIAKRENTEAFF	TRBV9	TRBJ1-1
TGTGCCAGCAGCCCGGGACTAGCGGGAGCCTACGAGCAGTACTTC	CASSPGLAGAYEQYF	TRBV7-4	TRBJ2-7
TGTGCCAGCAGCGTCCAGGGGCCCTACGAGCAGTACTTC	CASSVQGPYEQYF	TRBV7-3	TRBJ2-7
TGTGCCAGCAGCCAAAGGGGAGCTAGGGGCTACACCTTC	CASSQRGARGYTF	TRBV14	TRBJ1-2
TGTGCTAGTGGACAGGGCATTGATGAGCAGTTCTTC	CASGQGIDEQFF	TRBV12-5	TRBJ2-1
TGCGCCAGCAGCCCCCCCGGGACCAGCATAACGAACACCGGGGAGCTGTTTTTT	CASSPPGTSITNTGELFF	TRBV5-1	TRBJ2-2
TGTGCCAGCAGTTCCCGGACAAATCAGCCCCAGCATTTT	CASSSRTNQPQHF	TRBV6-1	TRBJ1-5
TGTGCCAGTAGTATAGATGGGGGACTTGGGGGATGCTACACCGGGGAGCTGTTTTTT	CASSIDGGLGGCYTGELFF	TRBV19	TRBJ2-2
TGTGCCAGCAGCTTGAGAACCAGGGGGAACGAGCAGTACTTC	CASSLRTRGNEQYF	TRBV7-3	TRBJ2-7
TGTGCCATCATCCGACCAATCCAAAGGACCGGGACAGCCCACGAGCAGTACTTC	CAIIRPIQRTGTAHEQYF	TRBV10-3	TRBJ2-7
TGTGCCAGCAACCGACTAGCGGGCTACGAGCAGTACTTC	CASNRLAGYEQYF	TRBV7-3	TRBJ2-7
TGTGCCAGCAGCTGTGACCCCAGCGGGATGTGCTCAAGCAATCAGCCCCAGCATTTT	CASSCDPSGMCSSNQPQHF	TRBV5-6	TRBJ1-5
TGTGCAGTCCAAAGGACCGGTCGGTTGTACACTGAAGCTTTCTTT	CAVQRTGRLYTEAFF	TRBV28	TRBJ1-1
TGTGCCAGCAGTGACCCAGGGGGAGACAACTATGGCTACACCTTC	CASSDPGGDNYGYTF	TRBV6-4	TRBJ1-2
TGTGCCAGCAGTTTATGGACAAGATCACCCCTCCACTTT	CASSLWTRSPLHF	TRBV27	TRBJ1-6
TGTGCCAGCAGCTTGTCTCAACTAGGGACCTACGAGCAGTACTTC	CASSLSQLGTYEQYF	TRBV13	TRBJ2-7
TGCGCCAGCAGCTCGGAGAGAAGCTCCTACGAGCAGTACTTC	CASSSERSSYEQYF	TRBV5-1	TRBJ2-7
TGTGCCAGCAGGGGAGGACAGGGGGCTCAGCAAGAGACCCAGTACTTC	CASRGGQGAQQETQYF	TRBV6-5	TRBJ2-5
TGTGCCAGCTCACCAGCGGTGAGTGGCTACACCTTC	CASSPAVSGYTF	TRBV18	TRBJ1-2
TGTGCCATCAGTGAGTCCGGGACAGAGAACTACGAGCAGTACTTC	CAISESGTENYEQYF	TRBV10-3	TRBJ2-7
TGTGCCAGCAGTTACAAAATCCGGGACAGGGACGGAGAGCAGTTCTTC	CASSYKIRDRDGEQFF	TRBV6-5	TRBJ2-1
TGTGCCAGCAGTTTGAAGGGGGGGGCCTTCGAGACCCAGTACTTC	CASSLKGGAFETQYF	TRBV27	TRBJ2-5
TGTGCCAGCAGCTTGGCTGGGGAGCAGTACTTC	CASSLAGEQYF	TRBV7-3	TRBJ2-7
TGTGCCAGCAGCAGGCCAACAGGAGAGAAACTGTTTTTT	CASSRPTGEKLFF	TRBV13	TRBJ1-4
TGCGCCAGCAGCCAAGACCGGGGGCGCAGAACTACTGAAGCTTTCTTT	CASSQDRGRRTTEAFF	TRBV4-1	TRBJ1-1
TGTGCCAGCAGCGCAGGGGCGCTCCACAATGAGCAGTTCTTC	CASSAGALHNEQFF	TRBV13	TRBJ2-1
TGCGCCAGCAGCCAACTCAGCTCACAGGGGCAGGAGACCCAGTACTTC	CASSQLSSQGQETQYF	TRBV4-3	TRBJ2-5
TGTGCCAGCAGTTCGCAGAGAGGCCCGGATCAGCCCCAGCATTTT	CASSSQRGPDQPQHF	TRBV12-4	TRBJ1-5
TGTGCCACCAGTGATTTGGTGACAGTTACCTTCTCCTACGAGCAGTACTTC	CATSDLVTVTFSYEQYF	TRBV24-1	TRBJ2-7
TGTGCCAGCAGTTGGGCGGGAGATCACGCAGAGACCCAGTACTTC	CASSWAGDHAETQYF	TRBV27	TRBJ2-5
TGTGCCAGCAGTTTATCCCCGGGGCGACCACATTCACCCCTCCACTTT	CASSLSPGRPHSPLHF	TRBV27	TRBJ1-6
TGTGCCAGCCCCTTGCGGTCCTGCAATCAGCCCCAGCATTTT	CASPLRSCNQPQHF	TRBV6-4	TRBJ1-5
TGTGCCAGCAAAGCCAAACCTTGGGCCTCGAACACTGAAGCTTTCTTT	CASKAKPWASNTEAFF	TRBV27	TRBJ1-1
TGTGCCAGCAGACCTTGTAATCAATCACCCCTCCACTTT	CASRPCNQSPLHF	TRBV6-8	TRBJ1-6
TGTGCCAGCAGCGTAGCGGAATTCTCGGACACCGGGGAGCTGTTTTTT	CASSVAEFSDTGELFF	TRBV9	TRBJ2-2
TGTGCCAGCAGCTTAGAGCTGGGGGTCGGCAATCAGCCCCAGCATTTT	CASSLELGVGNQPQHF	TRBV11-3	TRBJ1-5
TGCGCCAGCAGCCAAGCACAGGGGCTTCCAAGACATTCACCCCTCCACTTT	CASSQAQGLPRHSPLHF	TRBV4-1	TRBJ1-6
TGTGCCTGGAGTGATGGGCACGACGAGCAGTACTTC	CAWSDGHDEQYF	TRBV30	TRBJ2-7
TGTGCCAGCAGGAGACAGGGATCTGGAAACACCATATATTTT	CASRRQGSGNTIYF	TRBV28	TRBJ1-3
TGTGCCAGCAGCCATGAAGGGCGGGCAGCTGAAGCTTTCTTT	CASSHEGRAAEAFF	TRBV7-3	TRBJ1-1
TGTGCCAGCAGCTACCTCGTCGCTATCACAGATACGCAGTATTTT	CASSYLVAITDTQYF	TRBV7-4	TRBJ2-3
TGCGCCAGCAGGGGGAGGACAGGGGGCCCTGGTTTCAGAGCCTACGAGCAGTACTTC	CASRGRTGGPGFRAYEQYF	TRBV5-1	TRBJ2-7
TGTGCCAGCAAGAGAAGGGGACCCAACTATGGCTACACCTTC	CASKRRGPNYGYTF	TRBV7-9	TRBJ1-2
TGTGCCACCAACCCGGGGGAGAATGAGCAGTTCTTC	CATNPGENEQFF	TRBV24-1	TRBJ2-1
TGTGCCAGCAGAGCTACAGGGGACTATGGCTACACCTTC	CASRATGDYGYTF	TRBV28	TRBJ1-2
TGTGCCAGCAGTAGGTTGCGCAATGAGCAGTTCTTC	CASSRLRNEQFF	TRBV6-2	TRBJ2-1
TGTGCCAGCAGCCAGAGCGAGGGGCGTTTGGATAGCAATCAGCCCCAGCATTTT	CASSQSEGRLDSNQPQHF	TRBV14	TRBJ1-5
TGTGCCAGCAGCCAAGCCGAGGACCTTAATTCACCCCTCCACTTT	CASSQAEDLNSPLHF	TRBV3-1	TRBJ1-6
TGTGCCAGCAGTTACGCGGCCTCCTACGAGCAGTACTTC	CASSYAASYEQYF	TRBV6-5	TRBJ2-7
TGTGCCAGCAGCCAAGCCCCGTGGGACGGACGGCTTAGCTCCTATAATTCACCCCTCCACTTT	CASSQAPWDGRLSSYNSPLHF	TRBV3-1	TRBJ1-6
TGCTCCTACAGGGGCAGACGCTCCTACGAGCAGTACTTC	CSYRGRRSYEQYF	TRBV20-1	TRBJ2-7
TGCGCCAGCAGCTTGGGTTCGTGGGGGGGGAGGCCCAATCAGCCCCAGCATTTT	CASSLGSWGGRPNQPQHF	TRBV5-1	TRBJ1-5
TGTGCCAGCAGTTCCGTACCTCTGACAGGGTTAGGAGAAAAACTGTTTTTT	CASSSVPLTGLGEKLFF	TRBV6-5	TRBJ1-4
TGTGCCAGCAGCCAGGGTTCGGGGGTGGGTCAGCCCCAGCATTTT	CASSQGSGVGQPQHF	TRBV14	TRBJ1-5
TGTGCCAGCCTCGGAACTGAAGGATGGTCACCCCTCCACTTT	CASLGTEGWSPLHF	TRBV6-4	TRBJ1-6
TGTGCCAGCAGCTTAGTAGACAGGTTGAACACTGAAGCTTTCTTT	CASSLVDRLNTEAFF	TRBV7-3	TRBJ1-1
TGTGCCAGCAGCCAAGACCCCCATTCACCCGCCCAAGGCGGGGGAAAGGGCACAGATACGCAGTATTTT	CASSQDPHSPAQGGGKGTDTQYF	TRBV3-1	TRBJ2-3
TGTGCCAGCAGTGAACCACCGGGACAGGGGGCTTTATATAGCAATCAGCCCCAGCATTTT	CASSEPPGQGALYSNQPQHF	TRBV6-1	TRBJ1-5
TGCGCCAGCAGCCAAGCAGGCACAGCTCATAATTCACCCCTCCACTTT	CASSQAGTAHNSPLHF	TRBV4-1	TRBJ1-6
TGTGCCAGCAGCGTAGTAACCCCACAGGGTACGGCTAATCAGCCCCAGCATTTT	CASSVVTPQGTANQPQHF	TRBV9	TRBJ1-5
TGTGCCAGCAGCATTGCATCTCATAGGTCTAACTACGAGCAGTACTTC	CASSIASHRSNYEQYF	TRBV7-2	TRBJ2-7
TGTGCCAGGGCCGGACTACAAGAGACCCAGTACTTC	CARAGLQETQYF	TRBV27	TRBJ2-5
TGCAGTGCTAGAAGGAGGGCTAGGGATACGCAGTATTTT	CSARRRARDTQYF	TRBV20-1	TRBJ2-3
TGTGCCAGCAGCATTTATAACAATGAGCAGTTCTTC	CASSIYNNEQFF	TRBV7-4	TRBJ2-1
TGCGCCAGCAGCCAAGTAAGGGACAGGGCGACACATGGGGACTACTACGAGCAGTACTTC	CASSQVRDRATHGDYYEQYF	TRBV4-1	TRBJ2-7
TGTGCCACCGGATCCCGAGGCACTGAAGCTTTCTTT	CATGSRGTEAFF	TRBV24-1	TRBJ1-1
TGTGCCAGCAGCTCCCCGACAGGAATAGGGGGGCACTACACCTTC	CASSSPTGIGGHYTF	TRBV9	TRBJ1-2
TGTGCCAGCAGCCAACCCTCACTAGTACCCGGGGAGCTGTTTTTT	CASSQPSLVPGELFF	TRBV3-1	TRBJ2-2
TGCGCCAGCACCTCGGGGACCTGCGGCCAAGAGACCCAGTACTTC	CASTSGTCGQETQYF	TRBV10-1	TRBJ2-5
TGTGCCAGCAGCTTACGGGACAGGACGAACCTCTACAATGAGCAGTTCTTC	CASSLRDRTNLYNEQFF	TRBV7-9	TRBJ2-1
TGTGCCAGCAGTATCCCCTCGATCTCCTACGAGCAGTACTTC	CASSIPSISYEQYF	TRBV6-1	TRBJ2-7
TGTGCCAGCAGCTCTATACATGGGGACCGAGCCTACAATGAGCAGTTCTTC	CASSSIHGDRAYNEQFF	TRBV13	TRBJ2-1
TGTGCCAGCAGCGCCCGACAGTTACCCGGCTACACCTTC	CASSARQLPGYTF	TRBV14	TRBJ1-2
TGTGCCATCAGTGAGGGGTCTGCCGGGACAGCAGGCTACACCTTC	CAISEGSAGTAGYTF	TRBV10-3	TRBJ1-2
TGTGCCAGCAGTCAGCGTACCACGGCGACGCCGAACACTGAAGCTTTCTTT	CASSQRTTATPNTEAFF	TRBV28	TRBJ1-1
TGTGCCTTTAGGGACAGGAGAGCAGGGAGCTCCTACGAGCAGTACTTC	CAFRDRRAGSSYEQYF	TRBV10-3	TRBJ2-7
TGTGCCAGTAGTATCAGGGGAGGGGCGAATGAAAAACTGTTTTTT	CASSIRGGANEKLFF	TRBV19	TRBJ1-4
TGTGCCAGCACGCGGGACTATGGCTACACCTTC	CASTRDYGYTF	TRBV11-3	TRBJ1-2
TGTGCCAGCACTAACACAGGGGGACCTTCCGGGGAGCTGTTTTTT	CASTNTGGPSGELFF	TRBV6-4	TRBJ2-2
TGTGCCAGCAGCTGTGCGATAGGGGTCAAAGAGACCCAGTACTTC	CASSCAIGVKETQYF	TRBV7-4	TRBJ2-5
TGTGCCAGCGGAAACACTGAAGCTTTCTTT	CASGNTEAFF	TRBV6-6	TRBJ1-1
TGCGCCAGCAGCCAAGATGGAAAGCAACCGCTAGCGGGGGGTACGTCCTACAATGAGCAGTTCTTC	CASSQDGKQPLAGGTSYNEQFF	TRBV4-1	TRBJ2-1
TGTGCCAGCAGCTTAGAAGGAGGGCGGGACAGGGGTAAGAACACTGAAGCTTTCTTT	CASSLEGGRDRGKNTEAFF	TRBV11-1	TRBJ1-1
TGCGCCAGCAGCTTGGAGGGCGAAGCGGGACTTGACACCGGGGAGCTGTTTTTT	CASSLEGEAGLDTGELFF	TRBV5-1	TRBJ2-2
TGCGCCAGCCCGGGGGTAGGCTACAATGAGCAGTTCTTC	CASPGVGYNEQFF	TRBV5-1	TRBJ2-1
TGTGCCACCCTGACGGACCTACCCCCAGCGGGAGAGCAGTACTTC	CATLTDLPPAGEQYF	TRBV15	TRBJ2-7
TGCAGCGTTGGCTCCCCGGACATAGCTTTCTTT	CSVGSPDIAFF	TRBV29-1	TRBJ1-1
TGCAGTGCTAACATAATAGAGAGGGACAGGGGGACAAACGAGCAGTACTTC	CSANIIERDRGTNEQYF	TRBV20-1	TRBJ2-7
TGCGCCAGCAGCCAACCTGCGGGGACAGTGGTCTATGGCTACACCTTC	CASSQPAGTVVYGYTF	TRBV4-3	TRBJ1-2
TGTGCCAGCAGCCCTCCGGATCTGTCACCCCTCCACTTT	CASSPPDLSPLHF	TRBV7-9	TRBJ1-6
TGCAGTGCCCCAGGGGCCAATCAGCCCCAGCATTTT	CSAPGANQPQHF	TRBV20-1	TRBJ1-5
TGTGCCAGCAGTTTAAAATATGGCCCGCACAGGGGGAACACTGAAGCTTTCTTT	CASSLKYGPHRGNTEAFF	TRBV28	TRBJ1-1
TGCGCCAGCAGCAATCAGGGTTCTAAGGAGGAAAAACTGTTTTTT	CASSNQGSKEEKLFF	TRBV5-1	TRBJ1-4
TGTGCCAGCAGCCCCCGGGACCCCTACAATGAGCAGTTCTTC	CASSPRDPYNEQFF	TRBV6-1	TRBJ2-1
TGCAGTGCTACCCGTAAACCTGGGGCCAACGTCCTGACTTTC	CSATRKPGANVLTF	TRBV20-1	TRBJ2-6
TGTGCCAGCAGTTTCCTGTCACCCAGGGACTATAGCAATCAGCCCCAGCATTTT	CASSFLSPRDYSNQPQHF	TRBV12-3	TRBJ1-5
TGCAGCGCCGAGATTAGGGTCTCTGGGGCCAACGTCCTGACTTTC	CSAEIRVSGANVLTF	TRBV29-1	TRBJ2-6
TGTGCCAGCAGTTACATTGGGAGGGAGAGCTCCTACGAGCAGTACTTC	CASSYIGRESSYEQYF	TRBV6-2	TRBJ2-7
TGTGCCAGCAGTTTAGCTCTCTGGGGTCTACAAACTAATAATGGCTACACCTTC	CASSLALWGLQTNNGYTF	TRBV12-4	TRBJ1-2
TGTGCCACCAGTGATAGAGGACAGCTGAACACTGAAGCTTTCTTT	CATSDRGQLNTEAFF	TRBV24-1	TRBJ1-1
TGTGCCAGCCCACGGGTAGGCAATGAGCAGTTCTTC	CASPRVGNEQFF	TRBV18	TRBJ2-1
TGTGCTAGCAGCTTACCCCAGTGGACATTAGATGAAAAACTGTTTTTT	CASSLPQWTLDEKLFF	TRBV7-7	TRBJ1-4
TGTGCCAGCAGCTGTAAGGCCAACACCGGGGAGCTGTTTTTT	CASSCKANTGELFF	TRBV11-2	TRBJ2-2
TGTGCCTGGAGTATGCGGAATAGGGGGCCTTTTACCGGGGAGCTGTTTTTT	CAWSMRNRGPFTGELFF	TRBV30	TRBJ2-2
TGCGCCAGCAGCCCGGTGACGCTCTATGGCTACACCTTC	CASSPVTLYGYTF	TRBV5-1	TRBJ1-2
TGTGCCAGCAGTGCAGAGAGGGGGTACTTC	CASSAERGYF	TRBV6-1	TRBJ2-7
TGTGCCAGCAGCTCTCTGGAAGGACGTCTCTATGGCTACACCTTC	CASSSLEGRLYGYTF	TRBV5-4	TRBJ1-2
TGCGCCAGCAGCCGGGGGGGCTCTGGGGCCAACGTCCTGACTTTC	CASSRGGSGANVLTF	TRBV4-3	TRBJ2-6
TGTGCCAGCAGCGGAAGGAGGAACACAGGGGAGTATGGCTACACCTTC	CASSGRRNTGEYGYTF	TRBV6-5	TRBJ1-2
TGTGCCAGCAGTCCTTTTCGACAAATCGCCGGCAATCAGCCCCAGCATTTT	CASSPFRQIAGNQPQHF	TRBV28	TRBJ1-5
TGTGCCAGCAGCCACCAGGGGCCGGCTGAAAAACTGTTTTTT	CASSHQGPAEKLFF	TRBV27	TRBJ1-4
TGTGCCAGCAGTTTATGTGCTAGGAACAGGGAAGGGCCCTCCTACAATGAGCAGTTCTTC	CASSLCARNREGPSYNEQFF	TRBV28	TRBJ2-1
TGTGCCAGCAGTTCAAACCTGAGGACTAGCACCACCGGGGAGCTGTTTTTT	CASSSNLRTSTTGELFF	TRBV27	TRBJ2-2
TGTGCTAGTGGTCTCAGGGACAGGGGGAGAGAGCAGTACTTC	CASGLRDRGREQYF	TRBV12-5	TRBJ2-7
TGTGCCAGCAGTGAATCAAAGCCGGGACAGGGGGGGCAGCCCCAGCATTTT	CASSESKPGQGGQPQHF	TRBV2	TRBJ1-5
TGTGCCAGCAGCCGGACACTAGCGGGAGGGCTGGATGGCTACACCTTC	CASSRTLAGGLDGYTF	TRBV3-1	TRBJ1-2
TGTGCCAGCACTACCACCTACGAGCAGTACTTC	CASTTTYEQYF	TRBV28	TRBJ2-7
TGTGCCATCATAGGGGAGGGGCGAGATACGCAGTATTTT	CAIIGEGRDTQYF	TRBV10-3	TRBJ2-3
TGCCGAACCTGGGGTTTCAGGAGGGGTCGTGAGCCGCCCGTTTCACCCCTCCACTTT	CRTWGFRRGREPPVSPLHF	TRBV20-1	TRBJ1-6
TGTGCCAGCAGTTACTGGGCCAATCAGCCCCAGCATTTT	CASSYWANQPQHF	TRBV6-2	TRBJ1-5
TGTGCCTGGAGTCCGGGGCCCAGCGAGCAGTACTTC	CAWSPGPSEQYF	TRBV30	TRBJ2-7
TGCGCCAGCACGAGGGCGTACGAGCAGTACTTC	CASTRAYEQYF	TRBV10-2	TRBJ2-7
TGTGCCAGATCGAACGGAAGCTATGGCTACACCTTC	CARSNGSYGYTF	TRBV6-5	TRBJ1-2
TGTGGGCGTGGTATAAGTAGACCTGAAGCTTTCTTT	CGRGISRPEAFF	TRBV30	TRBJ1-1
TGTGCCAGCACGTCAGGGTCGTCCTACAATGAGCAGTTCTTC	CASTSGSSYNEQFF	TRBV6-5	TRBJ2-1
TGTGCCAGCAGCGTAGAAGCAGCTGTTGAAAAACTGTTTTTT	CASSVEAAVEKLFF	TRBV9	TRBJ1-4
TGTGCCAGCAGTGACCAATTAGCTGGAGCCGAGGGCTACACCTTC	CASSDQLAGAEGYTF	TRBV6-4	TRBJ1-2
TGTGCCAGCAGCAAAGGACAGGGTTGTCGCTCTGGGGCCAACGTCCTGACTTTC	CASSKGQGCRSGANVLTF	TRBV7-9	TRBJ2-6
TGCACGGTAGGGGGGGCCAAACGTCTGCCCTACGAGCAGTACTTC	CTVGGAKRLPYEQYF	TRBV10-2	TRBJ2-7
TGCAGTGCTAGAGCGATTGGACAGCAGGGGTGCCATGGCTACACCTTC	CSARAIGQQGCHGYTF	TRBV20-1	TRBJ1-2
TGTGCCAGCATACTTTTGGGGGGCCATGAGACCCAGTACTTC	CASILLGGHETQYF	TRBV12-3	TRBJ2-5
TGTGCCAAAGAGGGGGCTGAAAAACTGTTTTTT	CAKEGAEKLFF	TRBV28	TRBJ1-4
TGTGCCAGCAGGACACGGGGGGACAGAACTAATGAAAAACTGTTTTTT	CASRTRGDRTNEKLFF	TRBV5-5	TRBJ1-4
TGTGCCAGCAGCCCCCAGTTCCGACAGGGGGGGGTCTTC	CASSPQFRQGGVF	TRBV7-9	TRBJ2-1
TGCAGCGTTGGCAGGGGGGACAGTCAGCCCCAGCATTTT	CSVGRGDSQPQHF	TRBV29-1	TRBJ1-5
TGTGCCAGCAGTTTCCCCCGGGACAGGGATGAGGTCTCCTACGAGCAGTACTTC	CASSFPRDRDEVSYEQYF	TRBV27	TRBJ2-7
TGTGCCAGCAGCCAAGAAGGTATGGGGACCGATCAGCCCCAGCATTTT	CASSQEGMGTDQPQHF	TRBV3-1	TRBJ1-5
TGCGCCAGCAGTGAGAAGACGGGACAGGGTGGTCTTATGAACACTGAAGCTTTCTTT	CASSEKTGQGGLMNTEAFF	TRBV10-2	TRBJ1-1
TGTGCCAGCAGTGAATACAGGGGAAGGCCCTCCTACGAGCAGTACTTC	CASSEYRGRPSYEQYF	TRBV6-1	TRBJ2-7
TGTGCCAGCAGCGGACGGTCCGGCCACACCGGGGAGCTGTTTTTT	CASSGRSGHTGELFF	TRBV6-1	TRBJ2-2
TGTGCCAGCAGCCCCCCCGAGGACAGGGGTGGAGTCCCTGAAGCTTTCTTT	CASSPPEDRGGVPEAFF	TRBV14	TRBJ1-1
TGTGCGGATGCTCCCTCGCCGGGGGTGCCCGATGGCTACACCTTC	CADAPSPGVPDGYTF	TRBV9	TRBJ1-2
TGTGCCAGCTATCTCCGGGCCCTTTGGCCAATTATGACCCAGTACTTC	CASYLRALWPIMTQYF	TRBV18	TRBJ2-5
TGTGCCAGCAGTGACGGGTGGACGGGGACAGGCAAAAACATTCAGTACTTC	CASSDGWTGTGKNIQYF	TRBV6-4	TRBJ2-4
TGTGCCAGCAGTTACTCGAGGGAGTTTAGGGACAGGGATCGAACTGAAGCTTTCTTT	CASSYSREFRDRDRTEAFF	TRBV6-5	TRBJ1-1
TGTGCCAGCAGCTTGCGTGTAGGCCACCGCCCGGATACGGGCCAAGAGACCCAGTACTTC	CASSLRVGHRPDTGQETQYF	TRBV5-6	TRBJ2-5
TGTGCCAGCAGCGGGGGACAGGAAGGAGAGACCCAGTACTTC	CASSGGQEGETQYF	TRBV5-4	TRBJ2-5
TGCAGCGACCCGGGGGATCCAGAGACCCAGTACTTC	CSDPGDPETQYF	TRBV29-1	TRBJ2-5
TGTGCCAGCAGTTATCTGGGCGACCGGAACACTGAAGCTTTCTTT	CASSYLGDRNTEAFF	TRBV28	TRBJ1-1
TGTGCCAGCAGTCACCCAGATCACATCACGAGGCGACAGCCCCAGCATTTT	CASSHPDHITRRQPQHF	TRBV27	TRBJ1-5
TGTGCCAGCAGTTTTAGGCCATCCTCACGCGGGAGTAGCAATCAGCCCCAGCATTTT	CASSFRPSSRGSSNQPQHF	TRBV12-3	TRBJ1-5
TGTGCCTGGAGGACCAAATCGGGGGGTGGGAGCACAGATACGCAGTATTTT	CAWRTKSGGGSTDTQYF	TRBV30	TRBJ2-3
TGTGCCAGCAGCCATGAGAGGTGGAGTACCTACGAGCAGTACTTC	CASSHERWSTYEQYF	TRBV5-6	TRBJ2-7
TGTGCCAGCAGTGACTCTGAGCCGACAGGGAAGCTAAACACCATATATTTT	CASSDSEPTGKLNTIYF	TRBV6-4	TRBJ1-3
TGTGCCAGCAGCGTATATGGGAAGGGGTACTTCGGCAAAAACATTCAGTACTTC	CASSVYGKGYFGKNIQYF	TRBV9	TRBJ2-4
TGTGCCAGCAGTGAAAATGGGGGGGGGTACTCAGATACGCAGTATTTT	CASSENGGGYSDTQYF	TRBV25-1	TRBJ2-3
TGTGCCAGCAGGCGACCGGGACACAAGTGCACAGATACGCAGTATTTT	CASRRPGHKCTDTQYF	TRBV7-9	TRBJ2-3
TGTGCCAGCAGCTTTAAAAGGGGGCCTGGCGACTACGAGCAGTACTTC	CASSFKRGPGDYEQYF	TRBV7-3	TRBJ2-7
TGTGCCAGTAGTCACGAAGGTTGGGGCCAGGCCTCCTACGAGCAGTACTTC	CASSHEGWGQASYEQYF	TRBV19	TRBJ2-7
TGCGCCAGCAGCGCGCCCCATAGGGGCGGTACTGAAGCTTTCTTT	CASSAPHRGGTEAFF	TRBV5-1	TRBJ1-1
TGCGCCAGCAGTGGGAGCCCGGAGGGCGGGTACAATGAGCAGTTCTTC	CASSGSPEGGYNEQFF	TRBV10-1	TRBJ2-1
TGCAGTGCTAGAGCGGGCGGCTACGAGCAGTACTTC	CSARAGGYEQYF	TRBV20-1	TRBJ2-7
TGTGCCAGCAGCTTAGGGTCCGGGCCGGACGAGCAGTACTTC	CASSLGSGPDEQYF	TRBV5-6	TRBJ2-7
TGTGCCAGCAGCTTTGGCGAGAGAGAGACCCAGTACTTC	CASSFGERETQYF	TRBV7-4	TRBJ2-5
TGTGCCAGCAATTCGGGAGGTTGTTCTGGGGCCAACGTCCTGACTTTC	CASNSGGCSGANVLTF	TRBV2	TRBJ2-6
TGCGCCAGCATACCCCGGGACAGCCTTTGGGCCCTCTACGAGCAGTACTTC	CASIPRDSLWALYEQYF	TRBV4-1	TRBJ2-7
TGCAGTGCTAGAACCAGGGGGGTAAACACTGAAGCTTTCTTT	CSARTRGVNTEAFF	TRBV20-1	TRBJ1-1
TGTGCCAGCAGCTTAGTGGCGGGAGATACAGCCGGAAACACCATATATTTT	CASSLVAGDTAGNTIYF	TRBV7-9	TRBJ1-3
TGTGCCAGCAGGGGCCCGCCGGGACAACCTGAAGCTTTCTTT	CASRGPPGQPEAFF	TRBV7-9	TRBJ1-1
TGTGCCAGCAGCTTAGCAGGCCCTCAGGGGCACGAGCAGTACTTC	CASSLAGPQGHEQYF	TRBV11-2	TRBJ2-7
TGTGCCAGCAGTGTAGACAGGGGTGCGCGCTCCTACGAGCAGTACTTC	CASSVDRGARSYEQYF	TRBV2	TRBJ2-7
TGCGCCAGCAGCCAAGATTGCGCGGGGGGGGAAGTCTTC	CASSQDCAGGEVF	TRBV4-1	TRBJ2-1
TGTGCCAGCACAGTGAGCCACGAGACCCAGTACTTC	CASTVSHETQYF	TRBV27	TRBJ2-5
TGTGCCAGCAGTGCCCGACGGCAAAGTTGGGCAACCGGTGACTATGGCTACACCTTC	CASSARRQSWATGDYGYTF	TRBV6-3	TRBJ1-2
TGTGCCAGCAGCATGCTAGCGATTGACAATGAGCAGTTCTTC	CASSMLAIDNEQFF	TRBV7-4	TRBJ2-1
TGTGCCAGCAGTTTGGGCGAGCCCTTTAGTGGAAACACCATATATTTT	CASSLGEPFSGNTIYF	TRBV12-3	TRBJ1-3
TGTGCCAGCAGTTTCCGACGGACAGGGAGAATGAACACTGAAGCTTTCTTT	CASSFRRTGRMNTEAFF	TRBV27	TRBJ1-1
TGTGCCAGCAGTTTAGGGGGCAACGCCGTACGGACAGGGGGCCAGCCCCAGCATTTT	CASSLGGNAVRTGGQPQHF	TRBV12-4	TRBJ1-5
TGCAGTGCTAGGCTTGCAGGGGCGCTCACCGGGGAGCTGTTTTTT	CSARLAGALTGELFF	TRBV20-1	TRBJ2-2
TGTGCCAGCAGCTGGTCCTGGACTAGCGGTCGGGTATACAATGAGCAGTTCTTC	CASSWSWTSGRVYNEQFF	TRBV5-5	TRBJ2-1
TGCAGTGCTAGAGTGGGTGATGGCATGAGGGGAGGAACCCTAAATCAGCCCCAGCATTTT	CSARVGDGMRGGTLNQPQHF	TRBV20-1	TRBJ1-5
TGTGCCAGCTTCGGTTTGTACCGCCCTAAGAGACCTAGCACAGATACGCAGTATTTT	CASFGLYRPKRPSTDTQYF	TRBV13	TRBJ2-3
TGTGCCAGTAGACCCAGGGGCCTCCACTTT	CASRPRGLHF	TRBV19	TRBJ1-6
TGCAGTGCTCCTTTGGGGGACCCTTTCGAGAACACTGAAGCTTTCTTT	CSAPLGDPFENTEAFF	TRBV20-1	TRBJ1-1
TGTGCCAGCAGCTTAAGTAGAACCAACGAGCAGTACTTC	CASSLSRTNEQYF	TRBV7-3	TRBJ2-7
TGCAGTCCACTAACCAACCCTAGCGGGGGGGCCATGCCCACCGGGGAGCTGTTTTTT	CSPLTNPSGGAMPTGELFF	TRBV20-1	TRBJ2-2
TGTGCCAGCAGCCAGAGAATTATCTACGAGCAGTACTTC	CASSQRIIYEQYF	TRBV28	TRBJ2-7
TGTGCCAGCAGTGACTCGAGCAGCGGCCACGAGCAGTACTTC	CASSDSSSGHEQYF	TRBV6-4	TRBJ2-7
TGTGCCACCAGTGATCTAGCGGGCTCCGGGGAGCTGTTTTTT	CATSDLAGSGELFF	TRBV24-1	TRBJ2-2
TGTGCCAGCAGGGGGATCGACCCGGGGCGTCTACATAGCAATCAGCCCCAGCATTTT	CASRGIDPGRLHSNQPQHF	TRBV25-1	TRBJ1-5
TGTGCTAGTGGTTTAAGGGGGGCCCCCCTGTACGAGCAGTACTTC	CASGLRGAPLYEQYF	TRBV12-5	TRBJ2-7
TGTGCCAGCAGCGTAGCCGGGACTGGAGACGAGCAGTACTTC	CASSVAGTGDEQYF	TRBV9	TRBJ2-7
TGCGCCATTTCGAGGGGATCCTACGAGCAGTACTTC	CAISRGSYEQYF	TRBV4-1	TRBJ2-7
TGTGCCAGCAGCGCCGAGCCGGAAAAAGGGGGTTTGTCCGGCTACACCTTC	CASSAEPEKGGLSGYTF	TRBV7-9	TRBJ1-2
TGTGCCAGCAGCAAAGGGAGAAACACCATATATTTT	CASSKGRNTIYF	TRBV13	TRBJ1-3
TGCAGTGCCGTTAAAAGAGGCAATCAGCCCCAGCATTTT	CSAVKRGNQPQHF	TRBV20-1	TRBJ1-5
TGTGCCAGCAGCGGGACTAGCTCAAACACCGGGGAGCTGTTTTTT	CASSGTSSNTGELFF	TRBV7-9	TRBJ2-2
TGTGCCAGCAGCTTAGTTTGGGGGGACACAGATACGCAGTATTTT	CASSLVWGDTDTQYF	TRBV11-3	TRBJ2-3
TGTGCCAGCAGCCAGCCCTGGACAGGATCTCAGCCCCAGCATTTT	CASSQPWTGSQPQHF	TRBV3-1	TRBJ1-5
TGTGCCAGCAGTGCGTCCGGGACCCCTGAAGCTTTCTTT	CASSASGTPEAFF	TRBV6-4	TRBJ1-1
TGTGCCACCAGTGATTTGCATCCCGGCAGGCCCGAACATTCACCCCTCCACTTT	CATSDLHPGRPEHSPLHF	TRBV24-1	TRBJ1-6
TGTGCCAGCAGCCCAGTGGGTCAGGGGGAAGAGACCCAGTACTTC	CASSPVGQGEETQYF	TRBV6-5	TRBJ2-5
TGTGCCAGCAGTGACTTCGGGCCTGGGGGAGGGACCTCCGCTGAAGCTTTCTTT	CASSDFGPGGGTSAEAFF	TRBV6-4	TRBJ1-1
TGCAGTGCTTATACGGACAGGTTGGGAAGAAACACCATATATTTT	CSAYTDRLGRNTIYF	TRBV20-1	TRBJ1-3
TGTGCCAGCAGCCCCCCGACGTCGGCGGCCAAAAACATTCAGTACTTC	CASSPPTSAAKNIQYF	TRBV14	TRBJ2-4
TGTGCCAGCAGTGTTTCAAAAACCCGGGACAGGGGAAACACCATATATTTT	CASSVSKTRDRGNTIYF	TRBV12-4	TRBJ1-3
TGTGCCAGCAGTTGGATAACAATAGCGGGCGTTCGCACAGATACGCAGTATTTT	CASSWITIAGVRTDTQYF	TRBV6-5	TRBJ2-3
TGTGCCAGCAGTTACTCTGCAGGGGGGCGAGGTGAAAAACTGTTTTTT	CASSYSAGGRGEKLFF	TRBV6-5	TRBJ1-4
TGTGCCAGCAGCTTACAACTGGACAGGGGGCTCCCCTCACCCCTCCACTTT	CASSLQLDRGLPSPLHF	TRBV7-3	TRBJ1-6
TGCGCCATACCGGGACAGGTTCAGCCCCAGCATTTT	CAIPGQVQPQHF	TRBV10-1	TRBJ1-5
TGTGCCAGCAGTTCCGACGGAGTGCCCGGGGAGCTGTTTTTT	CASSSDGVPGELFF	TRBV6-2	TRBJ2-2
TGTGCCAGCAGTCCCCGGACAGGCTACGAGCAGTACTTC	CASSPRTGYEQYF	TRBV28	TRBJ2-7
TGCAGTGCTAGAGATCCCCCGGGGGCAGAAGGCTACGAGCAGTACTTC	CSARDPPGAEGYEQYF	TRBV20-1	TRBJ2-7
TGCAGTGCTAGAGTCCCGGGGACTAGCGGGGGGGAAAGCAATGAGCAGTTCTTC	CSARVPGTSGGESNEQFF	TRBV20-1	TRBJ2-1
TGTGCCACCAGCAGAGATAGTAGGACGGGGAACTATGGCTACACCTTC	CATSRDSRTGNYGYTF	TRBV15	TRBJ1-2
TGTGCCACCAAACTACCCGGGACAGATACCTACGAGCAGTACTTC	CATKLPGTDTYEQYF	TRBV24-1	TRBJ2-7
TGTGCCAGCAGTTCCCGGGACAGCTTAAATTCACCCCTCCACTTT	CASSSRDSLNSPLHF	TRBV12-4	TRBJ1-6
TGCGCCAGCAGTGAGGCATACTGTATCTACGAGCAGTACTTC	CASSEAYCIYEQYF	TRBV10-2	TRBJ2-7
TGTGCCAGCAGCTTAGGACAAAAGAATAGCAATCAGCCCCAGCATTTT	CASSLGQKNSNQPQHF	TRBV5-6	TRBJ1-5
TGTGCCAGCAGCCAAGAGAAACTCAGTTTACGTGGACAGGGGGGCATCAATGGCTACACCTTC	CASSQEKLSLRGQGGINGYTF	TRBV14	TRBJ1-2
TGCAGTGCTAGCAGGTCCGGTGTCTGTCCTGCTCATAGCAATCAGCCCCAGCATTTT	CSASRSGVCPAHSNQPQHF	TRBV20-1	TRBJ1-5
TGTGCCAGTAGTGCGACCGCTATAGCGGGCAGGTCCAATGAGCAGTTCTTC	CASSATAIAGRSNEQFF	TRBV19	TRBJ2-1
TGTGCCAGCAGCCAAGATGCCGCCTGGGGGGAGGGGTCCAATCAGCCCCAGCATTTT	CASSQDAAWGEGSNQPQHF	TRBV14	TRBJ1-5
TGTGCCAGCAGCATTGGACAACGACGGGACAGGGGATTCTACACCGGGGAGCTGTTTTTT	CASSIGQRRDRGFYTGELFF	TRBV7-8	TRBJ2-2
TGTGCCACCAGCGGCACAGACCAGAATGAGCAGTTCTTC	CATSGTDQNEQFF	TRBV24-1	TRBJ2-1
TGTGCCAGCTCACCGTTCTCCTCAGGGGGCTACGAGCAGTACTTC	CASSPFSSGGYEQYF	TRBV18	TRBJ2-7
TGTGCCAGCATTGGGGGAGTTAACTACGAGCAGTACTTC	CASIGGVNYEQYF	TRBV9	TRBJ2-7
TGTGCCAGCAGTGGGCTAACGGGAGGGCCCTGTAACACTGAAGCTTTCTTT	CASSGLTGGPCNTEAFF	TRBV5-6	TRBJ1-1
TGCGCCAGCAGCCAAGATCAGGGGACTGAAGCTTTCTTT	CASSQDQGTEAFF	TRBV4-1	TRBJ1-1
TGTGCCAGCAGTCGGGCGGGTCCTTCGGGCAGCACAGATACGCAGTATTTT	CASSRAGPSGSTDTQYF	TRBV27	TRBJ2-3
TGTGCCAGCAGGGTCAAGTGTCTAGGGGCACGGGTCTCTGGAAACACCATATATTTT	CASRVKCLGARVSGNTIYF	TRBV27	TRBJ1-3
TGTGCCACCGGTGAACGGCCCGTGACAGATACGCAGTATTTT	CATGERPVTDTQYF	TRBV24-1	TRBJ2-3
TGTGCCAGCAGTGAACAGGGGGAAAGGACTCATAGCAATCAGCCCCAGCATTTT	CASSEQGERTHSNQPQHF	TRBV6-4	TRBJ1-5
TGTGCCATCAGTGAGGTTTCTTTAGTCCAGCTCTACGAGCAGTACTTC	CAISEVSLVQLYEQYF	TRBV10-3	TRBJ2-7
TGTGCCAGCAGCAAGGGGACATTGCTCACTGAAGCTTTCTTT	CASSKGTLLTEAFF	TRBV7-7	TRBJ1-1
TGCGCCAGCAGGACCCCCCCAGGGGAGAGGAAGCAGTACTTC	CASRTPPGERKQYF	TRBV10-1	TRBJ2-7
TGTGCCAGTAGTCCGCACCCTAGCGGGGGAAACATTCAGTACTTC	CASSPHPSGGNIQYF	TRBV19	TRBJ2-4
TGTGCCAGCTCACTCAGACAGGGTGAAGAGTTGGGCAATCAGCCCCAGCATTTT	CASSLRQGEELGNQPQHF	TRBV18	TRBJ1-5
TGCAGTGCGGAGCTAGCGGGTTCGGACCTCTCGGAGTACGAGCAGTACTTC	CSAELAGSDLSEYEQYF	TRBV20-1	TRBJ2-7
TGTGCCTGGAGCACGAATCTGAAGTACAATGAGCAGTTCTTC	CAWSTNLKYNEQFF	TRBV30	TRBJ2-1
TGTGCCATCAGTGTCCGGGGGTCGGCAGATACGCAGTATTTT	CAISVRGSADTQYF	TRBV10-3	TRBJ2-3
TGTGCCAGCAGCTACTTATATGAGCAGTTCTTC	CASSYLYEQFF	TRBV7-9	TRBJ2-1
TGTGCCAGCAAGGTCGTGCGGGGGGGGTCGACAGATACGCAGTATTTT	CASKVVRGGSTDTQYF	TRBV28	TRBJ2-3
TGCGCCAGCAGCCAAACCACGGGTTTCGGGAGCAATCAGCCCCAGCATTTT	CASSQTTGFGSNQPQHF	TRBV4-3	TRBJ1-5
TGTGCCAGCAGTGAGCGTTGGACAGGGGGAACTAATGAAAAACTGTTTTTT	CASSERWTGGTNEKLFF	TRBV2	TRBJ1-4
TGTGCCAGCAGCTTAGGCGAGCGGGGCGACGAGCAGTACTTC	CASSLGERGDEQYF	TRBV7-9	TRBJ2-7
TGTGCCAGCAGCTCAAGACAGGGTGGCTGCGTGAACACTGAAGCTTTCTTT	CASSSRQGGCVNTEAFF	TRBV11-2	TRBJ1-1
TGTGCCATCAGTGAGCGGGGACAGCCGGAGGCCGCGAACACCGGGGAGCTGTTTTTT	CAISERGQPEAANTGELFF	TRBV10-3	TRBJ2-2
TGTGCCAGCAGAAGAGCGGGAACCCAGGTCACTAGCTCCTCCTACGAGCAGTACTTC	CASRRAGTQVTSSSYEQYF	TRBV5-6	TRBJ2-7
TGTGCCAGCAGCTCGGGGGGGCCTGCATACGAGCAGTACTTC	CASSSGGPAYEQYF	TRBV5-5	TRBJ2-7
TGTGCCAGCAGTGGGTTGCTAATCACCCAGTACTTC	CASSGLLITQYF	TRBV25-1	TRBJ2-5
TGTGCCAGCAGCTTGGACAGCCAGATTACAATCACTGAAGCTTTCTTT	CASSLDSQITITEAFF	TRBV6-4	TRBJ1-1
TGCAACCGGGGGGCTGGCTGGCCAAGCCAAGAGACCCAGTACTTC	CNRGAGWPSQETQYF	TRBV20-1	TRBJ2-5
TGCGCCAGCAGCGTAGTAAACCCCTGGTATGGCTACACCTTC	CASSVVNPWYGYTF	TRBV5-1	TRBJ1-2
TGTGCCAGCAGCCTTGTAGCGGTGGGCACAGATACGCAGTATTTT	CASSLVAVGTDTQYF	TRBV13	TRBJ2-3
TGTGCTAGTGGTCGGGGCTACGAGCAGTACTTC	CASGRGYEQYF	TRBV12-5	TRBJ2-7
TGTGCCAGCTCACCAATCATAAGGACAGGGGGATATTACGAGCAGTACTTC	CASSPIIRTGGYYEQYF	TRBV18	TRBJ2-7
TGTGCCAGCAGCCAACCCCCCGCGACTCCAATTAACACTGAAGCTTTCTTT	CASSQPPATPINTEAFF	TRBV5-4	TRBJ1-1
TGCGCCAGCACTAAGGGGTCGGCGGTAATGTGGGACAATGAGCAGTTCTTC	CASTKGSAVMWDNEQFF	TRBV10-1	TRBJ2-1
TGTGCCAGCGGGGGGTACTCCTACGAGCAGTACTTC	CASGGYSYEQYF	TRBV6-4	TRBJ2-7
TGTGCCAGCAGTTACGGGGCCCAGGGGGCCCACGAGCAGTACTTC	CASSYGAQGAHEQYF	TRBV6-5	TRBJ2-7
TGTGCCAGCAGTGACTCGACAAAACTAGCGGTTCTCTTC	CASSDSTKLAVLF	TRBV6-4	TRBJ2-1
TGTGCCAGCAGCCCCCTGCGGGAGCATTCGAACACCGGGGAGCTGTTTTTT	CASSPLREHSNTGELFF	TRBV3-1	TRBJ2-2
TGCGCCAGCAGCCAAGAACGAGGCCAGCCCCAGCATTTT	CASSQERGQPQHF	TRBV4-1	TRBJ1-5
TGTGCCAGCAGTTATGGGACTAGCGGGAATAGTGAGCAGTTCTTC	CASSYGTSGNSEQFF	TRBV6-5	TRBJ2-1
TGTGCCAGCAGTTATTCAGGTCTAGGTGGAAACACCATATATTTT	CASSYSGLGGNTIYF	TRBV6-2	TRBJ1-3
TGTGCCACCAGCATAGTGCCCTCCAGGGGCGGGAGTAGCACAGATACGCAGTATTTT	CATSIVPSRGGSSTDTQYF	TRBV24-1	TRBJ2-3
TGTGCCAGCGACTACAGTGAGACTGATACGCAGTATTTT	CASDYSETDTQYF	TRBV6-5	TRBJ2-3
TGTGCCAGTCGAGAATCGGGGTGGGCAGAGACCCAGTACTTC	CASRESGWAETQYF	TRBV7-3	TRBJ2-5
TGTGCCAGCAGGCAGGGGACGGGGGGAAGCTCCTACGAGCAGTACTTC	CASRQGTGGSSYEQYF	TRBV27	TRBJ2-7
TGTGCCTGGAGTGACTGCTCGGGACTAGACCGCGGAGATGAGCAGTTCTTC	CAWSDCSGLDRGDEQFF	TRBV30	TRBJ2-1
TGTGCCAGCAGTGGGGGTAGGTATATTAATGAAAAACTGTTTTTT	CASSGGRYINEKLFF	TRBV6-2	TRBJ1-4
TGTGCCAGCAGCAGACCCCACAGGGGGGCCGCGGGCACGATTAGAATCTACAATGAGCAGTTCTTC	CASSRPHRGAAGTIRIYNEQFF	TRBV13	TRBJ2-1
TGCGCCAGCAGTGAAGGAAGGCGGGACAGGGGGCATCCGGGCAATCAGCCCCAGCATTTT	CASSEGRRDRGHPGNQPQHF	TRBV10-1	TRBJ1-5
TGTGCCAGCAGTGGGACCGAGGGGGCCAACGTCCTGACTTTC	CASSGTEGANVLTF	TRBV6-2	TRBJ2-6
TGCGCCAGCAGCCAAGATTCCGGGACAGGGATCCCCTACAATGAGCAGTTCTTC	CASSQDSGTGIPYNEQFF	TRBV4-1	TRBJ2-1
TGTGCCAGCAGCTCCCTAGCCATCCGGGACAGGGGGGCTAGCACAGATACGCAGTATTTT	CASSSLAIRDRGASTDTQYF	TRBV5-4	TRBJ2-3
TGTGCCAGCAGTGACGGAAGAGAGCCGCCGAACTATAATTCACCCCTCCACTTT	CASSDGREPPNYNSPLHF	TRBV6-4	TRBJ1-6
TGTGCCAGTGTACGTCAGAAACGGTTAAACGAGCAGTACTTC	CASVRQKRLNEQYF	TRBV6-5	TRBJ2-7
TGTGCCAGCAGTGACGGGGACAGGGTCGGATACAATGAGCAGTTCTTC	CASSDGDRVGYNEQFF	TRBV6-4	TRBJ2-1
TGTGCCAGCAGCCAAGATGGGTACGGGACAGGGCTGAACACTGAAGCTTTCTTT	CASSQDGYGTGLNTEAFF	TRBV4-2	TRBJ1-1
TGTGCCAGCAGTGCGGGGAGCGGTACTAGCACAGATACGCAGTATTTT	CASSAGSGTSTDTQYF	TRBV6-1	TRBJ2-3
TGTGCCAGCAGCCGTTCTGGGAGAGCATTCTCCCTATCTGGAAACACCATATATTTT	CASSRSGRAFSLSGNTIYF	TRBV14	TRBJ1-3
TGTGCCAGCAGTTCAAAAAGGCAGTATTTT	CASSSKRQYF	TRBV28	TRBJ2-3
TGTGCCAGCAGTTTAGGACCGGGACAGGGGTATCGGCAGTTCTTC	CASSLGPGQGYRQFF	TRBV27	TRBJ2-1
TGTGCCTGGAGTGTACGGACAGGAACTGAAGCTTTCTTT	CAWSVRTGTEAFF	TRBV30	TRBJ1-1
TGCAGTGCACCGGGACGTGGCTACACCTTC	CSAPGRGYTF	TRBV20-1	TRBJ1-2
TGCAGCGTTGAAGGGGGGCGTCCGGTCAACGTCCTGACTTTC	CSVEGGRPVNVLTF	TRBV29-1	TRBJ2-6
TGTGCCTTTCCCAGACAGGGCTACACCTTC	CAFPRQGYTF	TRBV6-4	TRBJ1-2
TGTGCCAGCAATCCAAGCCGGCCACCCCGTTGTGGGGTCGAGACCCAGTACTTC	CASNPSRPPRCGVETQYF	TRBV9	TRBJ2-5
TGTGCCAGCAGCTTGGGGACAGGGTTAAGGTGCAATCAGCCCCAGCATTTT	CASSLGTGLRCNQPQHF	TRBV5-4	TRBJ1-5
TGTGCCAGGGCGAACAGTCCTGGAAACACCATATATTTT	CARANSPGNTIYF	TRBV25-1	TRBJ1-3
TGTGCCAGCAGCGGGGGCCCTTACATCCCCCTAGCCTGCGAGCAGTACTTC	CASSGGPYIPLACEQYF	TRBV9	TRBJ2-7
TGTGCCAGCAGCCAAGCGGGGCGCTCTGGAACTAATACGCAGTATTTT	CASSQAGRSGTNTQYF	TRBV3-1	TRBJ2-3
TGTGCCAGTCGGAACACTGAAGCTTTCTTT	CASRNTEAFF	TRBV2	TRBJ1-1
TGTGCCAGCAGCCCGTCGGGACAGACGTCCTATAATTCACCCCTCCACTTT	CASSPSGQTSYNSPLHF	TRBV11-3	TRBJ1-6
TGCGCCAGCAGCTACCCGGGTAGGGGCTACGAGCAGTACTTC	CASSYPGRGYEQYF	TRBV5-1	TRBJ2-7
TGTGCTAGCAGCTTCCGACTAGCGGGAAAACATGAGCAGTTCTTC	CASSFRLAGKHEQFF	TRBV7-7	TRBJ2-1
TGTGCCAGCAGGCCACGGGGGGGGACTCAAGGGAACTATGGCTACACCTTC	CASRPRGGTQGNYGYTF	TRBV14	TRBJ1-2
TGTGGCTCTGCGGGAGATGGCTACACCTTC	CGSAGDGYTF	TRBV2	TRBJ1-2
TGTGCCAGCAGTGGCCCGGGGGCGGGACAGAACACCGGGGAGCTGTTTTTT	CASSGPGAGQNTGELFF	TRBV27	TRBJ2-2
TGCGCCAGCAGCTTACTGACTGGACAGGGCGGACTGGAAGAGACCCAGTACTTC	CASSLLTGQGGLEETQYF	TRBV5-1	TRBJ2-5
TGTGCCAGCAGCCCTCCCCTAGCGGGCCGGGAGGAGACCCAGTACTTC	CASSPPLAGREETQYF	TRBV11-2	TRBJ2-5
TGCGCCAGCAGTGAGTTGGAAGAGGGACTGGAGCAGTACTTC	CASSELEEGLEQYF	TRBV10-1	TRBJ2-7
TGTGCCAGCAGCTTAGCGTTGACATGGAACACTGAAGCTTTCTTT	CASSLALTWNTEAFF	TRBV7-6	TRBJ1-1
TGTGCCAGCAGTTACTCGGCGGGACTAGCGTGTGATCACCAAGAGACCCAGTACTTC	CASSYSAGLACDHQETQYF	TRBV6-5	TRBJ2-5
TGTGCCAGCGTCCCGGGACAGGAATGTACGGCTGGAAACACCATATATTTT	CASVPGQECTAGNTIYF	TRBV28	TRBJ1-3
TGTGCCAGCAGCCAAACATTGGAAATTAATGAAAAACTGTTTTTT	CASSQTLEINEKLFF	TRBV14	TRBJ1-4
TGTGCTAGTGGAACCCGGGGACCGGATGAGCAGTTCTTC	CASGTRGPDEQFF	TRBV12-5	TRBJ2-1
TGTGCCAGCCAAGCCGGAATTGCGGGAGCTTCTATTCGCATTCAGTACTTC	CASQAGIAGASIRIQYF	TRBV6-1	TRBJ2-4
TGCAGTGCGGGGAGTTCGACTGAAGCTTTCTTT	CSAGSSTEAFF	TRBV20-1	TRBJ1-1
TGTGCTAGTGGAGGTAGGACACTAGCGGGGTTGGCCTACATTTCCTACAATGAGCAGTTCTTC	CASGGRTLAGLAYISYNEQFF	TRBV12-5	TRBJ2-1
TGTGCCTGGAGTGCCAACAAAGGGGGGGCAACTGAAGCTTTCTTT	CAWSANKGGATEAFF	TRBV30	TRBJ1-1
TGTGCCATCAAGGGGACGTTGGGACAGCTAGTGAACACTGAAGCTTTCTTT	CAIKGTLGQLVNTEAFF	TRBV10-3	TRBJ1-1
TGTGCCAGGTGCCTTAGTGTTGCGCCACCCCTCCACTTT	CARCLSVAPPLHF	TRBV7-3	TRBJ1-6
TGTGCCAGCAGCCAGGGGAGTCCCGAGACCCAGTACTTC	CASSQGSPETQYF	TRBV14	TRBJ2-5
TGTGCCACCAGTGATTTGTTCACCCCCTCGGGGGGCTGTTACAATGAGCAGTTCTTC	CATSDLFTPSGGCYNEQFF	TRBV24-1	TRBJ2-1
TGCAGTGCTAGAGAGTCTAGCGGGAATGAGCAGTTCTTC	CSARESSGNEQFF	TRBV20-1	TRBJ2-1
TGTGCCAGCAGCTGCCGATTACGGACGGGGACCAGCAATCAGCCCCAGCATTTT	CASSCRLRTGTSNQPQHF	TRBV13	TRBJ1-5
TGTGCCAGCAGCGTGGGGACTAGCGGGGGGGACTACGAGCAGTACTTC	CASSVGTSGGDYEQYF	TRBV9	TRBJ2-7
TGTGCCAGCAGCCAAGACTCGGGCGCTAGCGGGATCGAGCAGTACTTC	CASSQDSGASGIEQYF	TRBV14	TRBJ2-7
TGCAGTGCTAGAGTGACAGGGTCCGAGCAGTACTTC	CSARVTGSEQYF	TRBV20-1	TRBJ2-7
TGTGCCAGCCCCCGGGACAGCACTAACTATGGCTACACCTTC	CASPRDSTNYGYTF	TRBV11-3	TRBJ1-2
TGTGCCAGCAGCCAAGATAAGCGAGTCACAGGGGAGGCAAGGAGGGGGGAGAACACCGGGGAGCTGTTTTTT	CASSQDKRVTGEARRGENTGELFF	TRBV4-2	TRBJ2-2
TGCGCCAGCAGCCACTACAGGGGTAATTCACCCCTCCACTTT	CASSHYRGNSPLHF	TRBV5-1	TRBJ1-6
TGTGCCAGCAGTTTAGGGGGCGACGAGCAGTACTTC	CASSLGGDEQYF	TRBV6-3	TRBJ2-7
TGTGCCAGCACTACCCATGGACTAGCGGGGGGGTGGGACTCCTACAATGAGCAGTTCTTC	CASTTHGLAGGWDSYNEQFF	TRBV3-1	TRBJ2-1
TGCAGTGCTACCAGGGCTAAAAACGCAGGGGGGTATGGCTACACCTTC	CSATRAKNAGGYGYTF	TRBV20-1	TRBJ1-2
TGTGCCTGTTGGGCAGCTCCGCCCCAGCATTTT	CACWAAPPQHF	TRBV6-1	TRBJ1-5
TGTGCCAGCAGTTTTGGGACAGCTGTGCTGAGGAACACCGGGGAGCTGTTTTTT	CASSFGTAVLRNTGELFF	TRBV12-3	TRBJ2-2
TGTGCCAACGGGACAGGATCCAATCAGCCCCAGCATTTT	CANGTGSNQPQHF	TRBV6-4	TRBJ1-5
TGTGCCAGCAGCTTACCCAGGGACGAGCAGTACTTC	CASSLPRDEQYF	TRBV13	TRBJ2-7
TGTGCCAGCAGTTACTCGCCAAAGGGGGTTATTACAGATACGCAGTATTTT	CASSYSPKGVITDTQYF	TRBV6-5	TRBJ2-3
TGTGCCAGCAGAGAAGCGGGCGGGGGGTGCTCTGGGGCCAACGTCCTGACTTTC	CASREAGGGCSGANVLTF	TRBV6-3	TRBJ2-6
TGTGCCAGCAGCCCGGGACTAGCCCTAGACCATGAGCAGTTCTTC	CASSPGLALDHEQFF	TRBV7-7	TRBJ2-1
TGCAGTGCTAGAGACTGGGGACCCCTAGCGGGGTACGAGCAGTACTTC	CSARDWGPLAGYEQYF	TRBV20-1	TRBJ2-7
TGTGCCAGCAGCACAGGGACAGATGGCTACACCTTC	CASSTGTDGYTF	TRBV13	TRBJ1-2
TGTGCCAGCAGCGGAGACAGGGAGGGAACCGAGCAGTACTTC	CASSGDREGTEQYF	TRBV11-2	TRBJ2-7
TGTGCCAGCAGCCTTAGTCCCCGACAGGGACCGCATTTT	CASSLSPRQGPHF	TRBV7-4	TRBJ1-5
TGTGCCAGCAGGCGGACAGGGCCTAGAATTTGGGACAATCAGCCCCAGCATTTT	CASRRTGPRIWDNQPQHF	TRBV28	TRBJ1-5
TGCGCCAGCAGCCAAGCGGGGGGGCGCGGAGGGGGGAACACTGAAGCTTTCTTT	CASSQAGGRGGGNTEAFF	TRBV4-1	TRBJ1-1
TGTGCCAGCAGCTTGGCGAACACTTCAGGGCCCTATGGCTACACCTTC	CASSLANTSGPYGYTF	TRBV7-2	TRBJ1-2
TGTGCCAGCAGCCCGGCAGGGGGGAGCACAGATACGCAGTATTTT	CASSPAGGSTDTQYF	TRBV9	TRBJ2-3
TGCAGTGCTTGTCGGACCTGTTCCTACGAGCAGTACTTC	CSACRTCSYEQYF	TRBV20-1	TRBJ2-7
TGCGCCAGCAAAACGGCCACATATAGCAATCAGCCCCAGCATTTT	CASKTATYSNQPQHF	TRBV5-1	TRBJ1-5
TGTGCCAGCAGTCTGGCCCTGGAAGGACTACACACCGGGGAGCTGTTTTTT	CASSLALEGLHTGELFF	TRBV27	TRBJ2-2
TGCGCCAGCAGTGTAACCGGGTCAGGGAAAGATACGCAGTATTTT	CASSVTGSGKDTQYF	TRBV10-1	TRBJ2-3
TGTGCCAGCATCCAGGGACTAGCGGGGTCTACAAATGAGCAGTTCTTC	CASIQGLAGSTNEQFF	TRBV14	TRBJ2-1
TGTGCCATCAGTGACGGGGCGCGGCTTGGAAACACCATATATTTT	CAISDGARLGNTIYF	TRBV10-3	TRBJ1-3
TGCAGCGTTGCAAGGACAGGGACGAACTATGGCTACACCTTC	CSVARTGTNYGYTF	TRBV29-1	TRBJ1-2
TGTGCCATCAAATGGCGGGGCCCCTACGAGCAGTACTTC	CAIKWRGPYEQYF	TRBV10-3	TRBJ2-7
TGCGCCAGCAGCCAAGAGAGACTGGACAGAGTAGAGACCCAGTACTTC	CASSQERLDRVETQYF	TRBV4-1	TRBJ2-5
TGTGCCAGCAGCTTAGTCCCAGCTCCGGATCGCAATGAGCAGTTCTTC	CASSLVPAPDRNEQFF	TRBV7-8	TRBJ2-1
TGTGCCAGCAGCTCCAACGGGAGGATGAACACTGAAGCTTTCTTT	CASSSNGRMNTEAFF	TRBV14	TRBJ1-1
TGTGCCAGCAGCCTCGGGACAGCGACTGAAGCTTTCTTT	CASSLGTATEAFF	TRBV7-4	TRBJ1-1
TGTGCCAGCAGCCGTTTAACAGGGGGGGAAGCTTTCTTT	CASSRLTGGEAFF	TRBV7-3	TRBJ1-1
TGTGCCAGCAGTTTGGTGGGGACAGGGGGCAGGGGCCGCAATCAGCCCCAGCATTTT	CASSLVGTGGRGRNQPQHF	TRBV27	TRBJ1-5
TGTGCCAGCAGCGTTTGTTGGGGGCACGGGGAGCTGTTTTTT	CASSVCWGHGELFF	TRBV7-3	TRBJ2-2
TGTGCCAGCAGCCAAACAGGGGACACTGAAGCTTTCTTT	CASSQTGDTEAFF	TRBV3-1	TRBJ1-1
TGTGCCAGCCTGAGTAAAGTACGGGGGGTCTTCTGCTCGGCCGGGGAGCTGTTTTTT	CASLSKVRGVFCSAGELFF	TRBV2	TRBJ2-2
TGTGCCAGTAGTGGTCCGGGGACTAGCGGGTCAAATGAGCAGTTCTTC	CASSGPGTSGSNEQFF	TRBV19	TRBJ2-1
TGTGCCAGCAGTGCAGGGCGATGCACTGAAGCTTTCTTT	CASSAGRCTEAFF	TRBV6-4	TRBJ1-1
TGTGCCAGTACGATGGAGACCCAGTACTTC	CASTMETQYF	TRBV2	TRBJ2-5
TGCAGTGCTAGAGGACAGCGGTCCTACAATGAGCAGTTCTTC	CSARGQRSYNEQFF	TRBV20-1	TRBJ2-1
TGCGCCAGCAGCTTGGGAAAGGGACAGTCCTGGAGCCAAGAGACCCAGTACTTC	CASSLGKGQSWSQETQYF	TRBV5-1	TRBJ2-5
TGTGCCAGCAGCAAACTTCCGGGACAGGGGGATCAGCCCCAGCATTTT	CASSKLPGQGDQPQHF	TRBV7-3	TRBJ1-5
TGTGCCAGCAGTTTAATCCGACAGGGGGCTTCAGGCTACACCTTC	CASSLIRQGASGYTF	TRBV27	TRBJ1-2
TGTGCCAGCAGTGCCGGGACAGGGGTCCAACTGTTTTTT	CASSAGTGVQLFF	TRBV25-1	TRBJ1-4
TGCGCCAGCAGCTTGCCGCCAACCACTAGCGGGAGGAGCACAGATACGCAGTATTTT	CASSLPPTTSGRSTDTQYF	TRBV5-1	TRBJ2-3
TGTGCTAGTGGTTTGGTAAAGACGGGGACAGGGGGCTCGTATAGCAATCAGCCCCAGCATTTT	CASGLVKTGTGGSYSNQPQHF	TRBV12-5	TRBJ1-5
TGTGCCAGCAGCGGTACGGGGGGGGGGGTACTGGCGCACTCCTACGAGCAGTACTTC	CASSGTGGGVLAHSYEQYF	TRBV9	TRBJ2-7
TGTGCCAGCAGCTTAGAGGGGAGCTCTCAGGGGAGATCAGTGCAGCCCCAGCATTTT	CASSLEGSSQGRSVQPQHF	TRBV11-2	TRBJ1-5
TGCGCCAGCAACGTAGCGGGAAGTCTTCACACCGGGGAGCTGTTTTTT	CASNVAGSLHTGELFF	TRBV5-1	TRBJ2-2
TGCAGTGCTAGGACTAGTCCCACAGATACGCAGTATTTT	CSARTSPTDTQYF	TRBV20-1	TRBJ2-3
TGTGCCAGCAGTTTCAGGGGGCGGGTAGAATCTGGGGCCAACGTCCTGACTTTC	CASSFRGRVESGANVLTF	TRBV27	TRBJ2-6
TGTGCCAGTACGGGAGGCGCTAACACCATATATTTT	CASTGGANTIYF	TRBV19	TRBJ1-3
TGTGCCAGCACTCGACAGGGACAGGGCTACGAGCAGTACTTC	CASTRQGQGYEQYF	TRBV27	TRBJ2-7
TGTGCCAGCAGCCAAGAAGGGGGGGGCCTAGATACGCAGTATTTT	CASSQEGGGLDTQYF	TRBV14	TRBJ2-3
TGCGCCAGCAGCAGGGGAACCTACGAGCAGTACTTC	CASSRGTYEQYF	TRBV5-1	TRBJ2-7
TGTGCCAGCAGGGACAGTTTACCAGATACGCAGTATTTT	CASRDSLPDTQYF	TRBV6-1	TRBJ2-3
TGCAGTGCGAAAGCCGGGACAGGGTGTCCAGACAATGAGCAGTTCTTC	CSAKAGTGCPDNEQFF	TRBV20-1	TRBJ2-1
TGTGCCAGCAGCAGGTGGACTAGTGGCGGGGCCGGGGAGCTGTTTTTT	CASSRWTSGGAGELFF	TRBV5-6	TRBJ2-2
TGTGCCAGCAGCTGGGGGGCGTCAACAGATACGCAGTATTTT	CASSWGASTDTQYF	TRBV5-4	TRBJ2-3
TGTGCCAGCAGCTTGAAGAGCTCCTACGAGCAGTACTTC	CASSLKSSYEQYF	TRBV7-2	TRBJ2-7
TGTGCCAGCAGTTATCCCGGACAGGGTCCTGAAGCTTTCTTT	CASSYPGQGPEAFF	TRBV6-6	TRBJ1-1
TGTGCCAGCAGTGAGAGAAGTCGGAGGGGCTACAATGAGCAGTTCTTC	CASSERSRRGYNEQFF	TRBV25-1	TRBJ2-1
TGTGCCAGCCGGGACGGCAGCAACGAGCAGTACTTC	CASRDGSNEQYF	TRBV5-4	TRBJ2-7
TGTGCCATCAGGGGACCCTCGGGACAGGGAGGTAAAGATCGGGGTATGACTGAAGCTTTCTTT	CAIRGPSGQGGKDRGMTEAFF	TRBV10-3	TRBJ1-1
TGTGCCAGCATTGCCCCCAGGCCATTCTACGAGCAGTACTTC	CASIAPRPFYEQYF	TRBV6-4	TRBJ2-7
TGTCGCCCTACTAAGGGACAGGGCCCCTATCAGCCCCAGCATTTT	CRPTKGQGPYQPQHF	TRBV6-6	TRBJ1-5
TGTGCCACCAGCAGAGATCCAAAGGTCCTGCTCGGCCAAGGGCGAGTTTTTGAAAAACTGTTTTTT	CATSRDPKVLLGQGRVFEKLFF	TRBV15	TRBJ1-4
TGTGCCAGCAGCCAATGCAGGGGGGGCTACGAGCAGTACTTC	CASSQCRGGYEQYF	TRBV3-1	TRBJ2-7
TGTGCCAGCAGCCTCAGACCAGGGGGCGACTCCTACGAGCAGTACTTC	CASSLRPGGDSYEQYF	TRBV3-1	TRBJ2-7
TGCGCCAGCAGGCGCCGGGACAGGCGGTATGGCTACACCTTC	CASRRRDRRYGYTF	TRBV10-1	TRBJ1-2
TGCAGTGCTAAAGGGGTGGATGAAAAACTGTTTTTT	CSAKGVDEKLFF	TRBV20-1	TRBJ1-4
TGTGCCAGCAGCGGGGGACTAGCCACAGATACGCAGTATTTT	CASSGGLATDTQYF	TRBV11-3	TRBJ2-3
TGTGCCAGCATCTTCGATCGGACAGCGGACTACGAGCAGTACTTC	CASIFDRTADYEQYF	TRBV27	TRBJ2-7
TGCAGTGCTAGAGAGACATTGGGCGGGGACCATGAGCAGTTCTTC	CSARETLGGDHEQFF	TRBV20-1	TRBJ2-1
TGTGCCAGCAGAGGGACTCCAGGGGCCCTCCACTTT	CASRGTPGALHF	TRBV6-5	TRBJ1-6
TGTGCCAGGGGTCTACAGGGAAGTAGGACTGGGGCCAACGTCCTGACTTTC	CARGLQGSRTGANVLTF	TRBV19	TRBJ2-6
TGTGCCAGCAGCTTACACAGGGGGGGAAAGGGAGGGGAACCCAACACTGAAGCTTTCTTT	CASSLHRGGKGGEPNTEAFF	TRBV7-9	TRBJ1-1
TGTGCCACAATACACTGGGGGGAGCAGTACTTC	CATIHWGEQYF	TRBV6-3	TRBJ2-7
TGTGCCAGCAGTTGGGGGGGGCTTGGCTACACCTTC	CASSWGGLGYTF	TRBV6-2	TRBJ1-2
TGCGCCAGCGGAGGGTCACCCACCTTC	CASGGSPTF	TRBV10-1	TRBJ1-2
TGTGCCACTGTTTCACAGGGAAACTGGGACACCGGGGAGCTGTTTTTT	CATVSQGNWDTGELFF	TRBV6-1	TRBJ2-2
TGTGCCAGCAGCTGCGACCGACTTTCAGAGACCCAGTACTTC	CASSCDRLSETQYF	TRBV7-3	TRBJ2-5
TGTGCCATCCGGGGGACAGGGGACACTGAAGCTTTCTTT	CAIRGTGDTEAFF	TRBV10-3	TRBJ1-1
TGCGCCAGCAGCTTGGACGGGGAAGGGGAAGGGAACGGCTCCTACGAGCAGTACTTC	CASSLDGEGEGNGSYEQYF	TRBV5-1	TRBJ2-7
TGTGCCAGCAGTGGTTGCTCCGGGGAAGGAAAGGAGCTGTTTTTT	CASSGCSGEGKELFF	TRBV27	TRBJ2-2
TGCGCCAGCAGTAGCGGGAATGAGCAGTTCTTC	CASSSGNEQFF	TRBV5-1	TRBJ2-1
TGTGCCAGCAGCCCAATAGGGTCCGGGACAGGGGCGAAAGGCACGAACACCGGGGAGCTGTTTTTT	CASSPIGSGTGAKGTNTGELFF	TRBV7-8	TRBJ2-2
TGTGCCAGCAGTTACTCGGCGGGTGGCTACGAGCAGTACTTC	CASSYSAGGYEQYF	TRBV6-5	TRBJ2-7
TGTGCCAGCAGCGGGGACAGGAGAGGTACCAGTGGCTACACCTTC	CASSGDRRGTSGYTF	TRBV2	TRBJ1-2
TGTGCCAGCAGTTTCGGCCCCAGAGTCGGGGGGCCGCGGTACGAGCAGTACTTC	CASSFGPRVGGPRYEQYF	TRBV27	TRBJ2-7
TGTGCCAGCAGCCAACCGGGGGGGAATCAGCCCCAGCATTTT	CASSQPGGNQPQHF	TRBV13	TRBJ1-5
TGTGCCAGCAGCTTGAGGGACAGGGGGAGTAATGAGCAGTTCTTC	CASSLRDRGSNEQFF	TRBV5-6	TRBJ2-1
TGTGCCAGCCGGGGGGACAGCGTAGGATACGAGCAGTACTTC	CASRGDSVGYEQYF	TRBV11-3	TRBJ2-7
TGTGCCAGCAGCGTAGGAGGCAGTGCGACAGGGCTCGGGAACGATAGAGAGGCTTTCTTT	CASSVGGSATGLGNDREAFF	TRBV9	TRBJ1-1
TGCGCCAGCAGTGAGGGACAGGGCAACACCGGGGAGCTGTTTTTT	CASSEGQGNTGELFF	TRBV10-1	TRBJ2-2
TGTGCCAGCAGCCAAGCGCCACGGTTGCGGGAGGGGTGCAATCAGCCCCAGCATTTT	CASSQAPRLREGCNQPQHF	TRBV3-1	TRBJ1-5
TGTGCCAGCAGTGATATGCCAGAAGACTATGGCTACACCTTC	CASSDMPEDYGYTF	TRBV6-4	TRBJ1-2
TGTGCCAGCAAAAAGCGGCCCAATGAGCAGTTCTTC	CASKKRPNEQFF	TRBV27	TRBJ2-1
TGTGCCAGTAGGACAGAAAAGTGGCAGTACTTC	CASRTEKWQYF	TRBV19	TRBJ2-7
TGTGCCAGCAGAGTCGTTGCGGGTAACAATCAGCCCCAGCATTTT	CASRVVAGNNQPQHF	TRBV6-5	TRBJ1-5
TGTGCCAGCAGCGTCACAAATTTGGCTGGCGGACTAGCGGGCACCGGGGAGCTGTTTTTT	CASSVTNLAGGLAGTGELFF	TRBV7-3	TRBJ2-2
TGTGCCAGCAGTTTACCATCCAGGACTAGCGGGTTGACTTTCCTCCCCGGGGAGCTGTTTTTT	CASSLPSRTSGLTFLPGELFF	TRBV28	TRBJ2-2
TGTGCCAGCAGCCAACCCATTTTGGAGGACTACGAGCAGTACTTC	CASSQPILEDYEQYF	TRBV14	TRBJ2-7
TGCGCCAGCAGACCGGGGGGGGCCACAGATACGCAGTATTTT	CASRPGGATDTQYF	TRBV10-1	TRBJ2-3
TGCGCCAGCAGCCAAGGCCCTACAGGGAGCTCCTACAATGAGCAGTTCTTC	CASSQGPTGSSYNEQFF	TRBV4-3	TRBJ2-1
TGTGCCAGCAAAAATACGAACCTGCCCACCTTAGCCTACGAGCAGTACTTC	CASKNTNLPTLAYEQYF	TRBV28	TRBJ2-7
TGTGCCAGCAGCTTGTATCGCCAGTGGGGCGGGCACAATGAAAAACTGTTTTTT	CASSLYRQWGGHNEKLFF	TRBV5-4	TRBJ1-4
TGTGCCAGCAGTGATTCGGGCAGGGGGGATGCAACTAATGAAAAACTGTTTTTT	CASSDSGRGDATNEKLFF	TRBV6-4	TRBJ1-4
TGTGCCAGTAGGAGAGGACAGGGCCAAAACTATGGCTACACCTTC	CASRRGQGQNYGYTF	TRBV19	TRBJ1-2
TGTGCCAGCAGCGGCCGACTAGCGGGCTACGAGCAGTACTTC	CASSGRLAGYEQYF	TRBV7-4	TRBJ2-7
TGCAGCGTTGCCACCGGAATCCTGTTTTTT	CSVATGILFF	TRBV29-1	TRBJ1-4
TGCGCCAGCAGCTTGGGCAAGTGTAGTAGAGAGACCCAGTACTTC	CASSLGKCSRETQYF	TRBV5-1	TRBJ2-5
TGCGCCAGCAGCTTCCGGGACAGGGGGCAAAATTCACCCCTCCACTTT	CASSFRDRGQNSPLHF	TRBV5-1	TRBJ1-6
TGTGCCAGCAGCGCTCTCGACAGGGGTAAGGCCTACGAGCAGTACTTC	CASSALDRGKAYEQYF	TRBV9	TRBJ2-7
TGTGCCAGCTTCGCCGGGACAGGGTCCTACGAGCAGTACTTC	CASFAGTGSYEQYF	TRBV11-3	TRBJ2-7
TGTGCCAGCAGCTTGGAGCCGACAGGGGCGAACACCGGGGAGCTGTTTTTT	CASSLEPTGANTGELFF	TRBV5-4	TRBJ2-2
TGTGCCAGCAGCTTAGGAGACCGGGACAGGGAGGTCGGTTGCGGGGAGCTGTTTTTT	CASSLGDRDREVGCGELFF	TRBV7-9	TRBJ2-2
TGTGCCTGGAGACCCCCGGGGGCGTATAATTCACCCCTCCACTTT	CAWRPPGAYNSPLHF	TRBV30	TRBJ1-6
TGTGCCTGTCCCGTTTGGTCTACGATCTACGAGCAGTACTTC	CACPVWSTIYEQYF	TRBV30	TRBJ2-7
TGCAGTGCGTTCAGGGGAAATCAGCCCCAGCATTTT	CSAFRGNQPQHF	TRBV20-1	TRBJ1-5
TGTGCCAGCAGTTCCCACGGACTAGACGGGCGTGGTGACTACGAGCAGTACTTC	CASSSHGLDGRGDYEQYF	TRBV6-5	TRBJ2-7
TGTGCCAGCAGTCAGGGCTTGAACACTGAAGCTTTCTTT	CASSQGLNTEAFF	TRBV12-4	TRBJ1-1
TGTGCCACCAGTGATTTGAGGCTGTTATCAGGCGGGGAGCTGTTTTTT	CATSDLRLLSGGELFF	TRBV24-1	TRBJ2-2
TGTGCCGAGACAGGGGGCGACGAGCAGTACTTC	CAETGGDEQYF	TRBV7-3	TRBJ2-7
TGTGCCAGCAGCGCTACCACCGGACTACTCTCCTACAATGAGCAGTTCTTC	CASSATTGLLSYNEQFF	TRBV9	TRBJ2-1
TGTGCCAGCAGCTCCGGGACTAGTCGTGAGCAGTTCTTC	CASSSGTSREQFF	TRBV3-1	TRBJ2-1
TGTGCCATCAAACAGGGGAACACCGGGGAGCTGTTTTTT	CAIKQGNTGELFF	TRBV19	TRBJ2-2
TGTGCCAGCAGTGACAGGGTCCCAGGTATCACTGAAGCTTTCTTT	CASSDRVPGITEAFF	TRBV2	TRBJ1-1
TGTGCCAGCAGCCTGCGGGAGCAGGCCTCCTACGAGCAGTACTTC	CASSLREQASYEQYF	TRBV11-2	TRBJ2-7
TGTGCTAGTGGTGTCGAATCAGGGGGAAGGTACAATGAGCAGTTCTTC	CASGVESGGRYNEQFF	TRBV12-5	TRBJ2-1
TGTGCCAGCAGCCAACACAGGGGGTTCGAAGCTTTCTTT	CASSQHRGFEAFF	TRBV14	TRBJ1-1
TGTGCCAGGCACAGGAGGTGCAATCAGCCCCAGCATTTT	CARHRRCNQPQHF	TRBV10-3	TRBJ1-5
TGTGCCAGCATATCTGTAAGAGTTGGACCCGAGCAGTACTTC	CASISVRVGPEQYF	TRBV9	TRBJ2-7
TGTGCCAGTACCAGGTGGTTAGGTAACTATGGCTACACCTTC	CASTRWLGNYGYTF	TRBV7-9	TRBJ1-2
TGTGCCAGCAGCGGTTCGAAGATGGAGGAAGGCGGTCCCCGGGACAGGGGGAATAATGAGCAGTTCTTC	CASSGSKMEEGGPRDRGNNEQFF	TRBV7-2	TRBJ2-1
TGTGCCACCAGCAGCGTGTCCTTAAATAACCTACACGCCTATCAGCCCCAGCATTTT	CATSSVSLNNLHAYQPQHF	TRBV15	TRBJ1-5
TGTGCCAGCAATTCAGGGGGCAGAGGGGAGACCCAGTACTTC	CASNSGGRGETQYF	TRBV6-3	TRBJ2-5
TGTGCCAGCAGGGATCTGAAAAGGGTTAGTAGTAACTATGGCTACACCTTC	CASRDLKRVSSNYGYTF	TRBV11-3	TRBJ1-2
TGCGCCAGCAGCTTGCTCACTAGCGGGAGCCCGCTTTTCTTC	CASSLLTSGSPLFF	TRBV5-1	TRBJ2-1
TGCAGCGTTGACGGTATTGGCCAGGGCCTTAAAGGGGTTGGAAAGGTACATGAAAAACTGTTTTTT	CSVDGIGQGLKGVGKVHEKLFF	TRBV29-1	TRBJ1-4
TGTGCCAGCAGCTCACCGGGGGTTATCCAAGAGACCCAGTACTTC	CASSSPGVIQETQYF	TRBV11-2	TRBJ2-5
TGTGCCAGCAGCTTCGGTTCAGCCCCGGACACCGGGGAGCTGTTTTTT	CASSFGSAPDTGELFF	TRBV7-9	TRBJ2-2
TGTGCCTGGAGTGCCCACAGGGGGACTGGGGCCAACGTCCTGACTTTC	CAWSAHRGTGANVLTF	TRBV30	TRBJ2-6
TGTGCCAGCACCCTAGCGGGGGCCAATGAGCAGTTCTTC	CASTLAGANEQFF	TRBV27	TRBJ2-1
TGTGCCTGGTACCGGGACATTCACCAAGAGACCCAGTACTTC	CAWYRDIHQETQYF	TRBV30	TRBJ2-5
TGCAGTGCTAGAACGCTAGGCCGAGATGCTTTCTTT	CSARTLGRDAFF	TRBV20-1	TRBJ1-1
TGTGCCAGCAGTCCCCCCCAGTTGGGGGGGCCGCCTTCCTACGAGCAGTACTTC	CASSPPQLGGPPSYEQYF	TRBV12-3	TRBJ2-7
TGTGCCTGGAGCCAGGCCCGTTTTGAGCCCCAGCATTTT	CAWSQARFEPQHF	TRBV30	TRBJ1-5
TGCGCCAGCAGCGGTTCAGATGCGGTCTCCTATAATTCACCCCTCCACTTT	CASSGSDAVSYNSPLHF	TRBV5-1	TRBJ1-6
TGCAGTGCTAACGGTAAGAGGGATGAAGCTTTCTTT	CSANGKRDEAFF	TRBV20-1	TRBJ1-1
TGTGCCAGCAGCTTACGGGTACACAGGCGGGAAAAACTGTTTTTT	CASSLRVHRREKLFF	TRBV7-9	TRBJ1-4
TGTGCCAGCACCACGCGGATTAACCAAGAGACCCAGTACTTC	CASTTRINQETQYF	TRBV6-4	TRBJ2-5
TGCAGTGCTAGAGGGACAGGGGGCGCTCGCACTGAAGCTTTCTTT	CSARGTGGARTEAFF	TRBV20-1	TRBJ1-1
TGTGCCAGCAGGGTGCAGGGGGCGAGTGGAAACACCATATATTTT	CASRVQGASGNTIYF	TRBV25-1	TRBJ1-3
TGTGCCAGCAGCCAAAAAAGAAATGGACCACCAAACAACTTCACTGAAGCTTTCTTT	CASSQKRNGPPNNFTEAFF	TRBV14	TRBJ1-1
TGTGCCAGCACTTGGGGAACGGGACAGGGTTCACCCCTCCACTTT	CASTWGTGQGSPLHF	TRBV28	TRBJ1-6
TGCGCCAGCAGCCAACCGGGACAGGGGTACTCCTACGAGCAGTACTTC	CASSQPGQGYSYEQYF	TRBV4-1	TRBJ2-7
TGTGCCAGCTCACGCAGTCGAAGGCCCCAGGTTGTCTCTGGGGCCAACGTCCTGACTTTC	CASSRSRRPQVVSGANVLTF	TRBV18	TRBJ2-6
TGTGCAAGAGCGGGAGCAGAGACCCAGTACTTC	CARAGAETQYF	TRBV25-1	TRBJ2-5
TGCGCCAGCAGCTTGAATGGGGGGCCGCCCTCCGGGGAGCTGTTTTTT	CASSLNGGPPSGELFF	TRBV5-1	TRBJ2-2
TGCGCCAGCAGTGCCCTGACTAGCGGGGGGGCCTACGAGCAGTACTTC	CASSALTSGGAYEQYF	TRBV10-1	TRBJ2-7
TGTGCCAGCAGTGGCAGCTCCTCGGGACTAGCGGGCGGGACAGAGCAGTACTTC	CASSGSSSGLAGGTEQYF	TRBV6-3	TRBJ2-7
TGCAGCGTTGAACACAGCCCCGGGACAGCAGGCTACGAGCAGTACTTC	CSVEHSPGTAGYEQYF	TRBV29-1	TRBJ2-7
TGTGCCAGCAGCGAGGGGGAGGTTTCCTACGAGCAGTACTTC	CASSEGEVSYEQYF	TRBV6-4	TRBJ2-7
TGTGCCATCAGCCTCCGCGGCACAAGCTCCTACAATGAGCAGTTCTTC	CAISLRGTSSYNEQFF	TRBV10-3	TRBJ2-1
TGTGCCAGCAGCCGCGGCGGCGAGCAGTACTTC	CASSRGGEQYF	TRBV7-4	TRBJ2-7
TGTGCCAGCAGCAAGGGGGGGAGACAGCTCACTCAGCCCCAGCATTTT	CASSKGGRQLTQPQHF	TRBV9	TRBJ1-5
TGTGCCAGCAGTTACTCTCAGGGAAAGGAGGGGGGGAGCAATCAGCCCCAGCATTTT	CASSYSQGKEGGSNQPQHF	TRBV6-5	TRBJ1-5
TGTGCTAGTGGTTTGGTAGCCCTTTGTATGGGAGGGTCAAGGAGTGATAGCAATCAGCCCCAGCATTTT	CASGLVALCMGGSRSDSNQPQHF	TRBV12-5	TRBJ1-5
TGCGCCAGCAGACCTTTCGAGGGTCCGGCAACTGAAGCTTTCTTT	CASRPFEGPATEAFF	TRBV10-1	TRBJ1-1
TGTGCCAGCAGTGAGGATGACGAACAGGCGGGTTGCCAAGAGACCCAGTACTTC	CASSEDDEQAGCQETQYF	TRBV12-4	TRBJ2-5
TGTGCCAGCCCGCTACCCGGGAACACTGAAGCTTTCTTT	CASPLPGNTEAFF	TRBV6-5	TRBJ1-1
TGTGCTAGTGGTAGACAGGGGAGAAGGACGAGTTCCTACGAGCAGTACTTC	CASGRQGRRTSSYEQYF	TRBV12-5	TRBJ2-7
TGCGCCAGCAGATCTAACTTTGGCTCCGGGGAGCTGTTTTTT	CASRSNFGSGELFF	TRBV10-1	TRBJ2-2
TGCAGTGCTCACCGGGACCTGACCACTGAAGCTTTCTTT	CSAHRDLTTEAFF	TRBV20-1	TRBJ1-1
TGTGCCAGCAGCGATAGCAACCGTACCGTGGGTCCGGGGACAGAAGAAGATGAGTACGAGCAGTACTTC	CASSDSNRTVGPGTEEDEYEQYF	TRBV13	TRBJ2-7
TGTGCCAGCAGCCTGAGACAGGGTTCAGGTAATGAGCAGTTCTTC	CASSLRQGSGNEQFF	TRBV13	TRBJ2-1
TGTGCCAGCAAGGAAGAAGAGACCCAGTACTTC	CASKEEETQYF	TRBV6-1	TRBJ2-5
TGCAGCGTTGTGGACAGGCGTCTCCCCACTGAAGCTTTCTTT	CSVVDRRLPTEAFF	TRBV29-1	TRBJ1-1
TGTGCCAGCAGCTTGGTCTATGGGGGTCTTGGATTAACAGGTTACGAGCAGTACTTC	CASSLVYGGLGLTGYEQYF	TRBV5-6	TRBJ2-7
TGTGCCAGCAGTTGGTCGGGGCAACCCATTCAGTACTTC	CASSWSGQPIQYF	TRBV27	TRBJ2-4
TGTGCCACCAGCCCCGTTTTACCCCGTCCATCTGGAAACACCATATATTTT	CATSPVLPRPSGNTIYF	TRBV24-1	TRBJ1-3
TGCAGCGTTGGACCACTCCGGGGCAATCAGCCCCAGCATTTT	CSVGPLRGNQPQHF	TRBV29-1	TRBJ1-5
TGTGCCAGCAGCTTGGCCCTGAGCACCCAGGGGGCCCACCCCTACGAGCAGTACTTC	CASSLALSTQGAHPYEQYF	TRBV5-4	TRBJ2-7
TGTGCCAGCAGTTTATGGTGGACTAGTGGAGGGCTCCTCTCCTCCTACAATGAGCAGTTCTTC	CASSLWWTSGGLLSSYNEQFF	TRBV27	TRBJ2-1
TGTGCCAGCAGTTACTTCGGGGGGGGGTGTCTTTCCGGGGAGCTGTTTTTT	CASSYFGGGCLSGELFF	TRBV6-5	TRBJ2-2
TGTGCCACCAGAATAGCGGGAGGCGCTTTCTTT	CATRIAGGAFF	TRBV24-1	TRBJ1-1
TGCGCCAGCAGCCAAGATCTTGGAGGGGGGAGGAACACCGGGGAGCTGTTTTTT	CASSQDLGGGRNTGELFF	TRBV4-3	TRBJ2-2
TGTGCCAGCAGCAGGGCCCACTGGGACAGGGTGCCCACTGAAGCTTTCTTT	CASSRAHWDRVPTEAFF	TRBV3-1	TRBJ1-1
TGCGCCAGCGGGAGCTGCAATGAGCAGTTCTTC	CASGSCNEQFF	TRBV10-1	TRBJ2-1
TGTGCCAGCAGCAACAAAAACTATGGCTACACCTTC	CASSNKNYGYTF	TRBV11-3	TRBJ1-2
TGTGCCAGTAGTATCCCGGAAGAGACCTACGAGCAGTACTTC	CASSIPEETYEQYF	TRBV19	TRBJ2-7
TGTGCCAGCAGCAGAAGGGGGGGCGCCTACGAGCAGTACTTC	CASSRRGGAYEQYF	TRBV7-3	TRBJ2-7
TGCGTGCCGGAAAAGGACTCTGGAAACACCATATATTTT	CVPEKDSGNTIYF	TRBV10-2	TRBJ1-3
TGTGCCAGCAGTTGTACTTCCGACCAGAGCTCTGGAAACACCATATATTTT	CASSCTSDQSSGNTIYF	TRBV12-3	TRBJ1-3
TGTGCCAGCAGCGGTGCCTGGGACAGGGTCCCGATAGGCTACACCTTC	CASSGAWDRVPIGYTF	TRBV11-2	TRBJ1-2
TGTGCCAGCAGTCCATGGGACACTGAGTCCTACAATGAGCAGTTCTTC	CASSPWDTESYNEQFF	TRBV6-4	TRBJ2-1
TGTGCCAGCAGTGAACGGGACATTAAGTCTCCATCCGAAAGCTCTGGGGCCAACGTCCTGACTTTC	CASSERDIKSPSESSGANVLTF	TRBV6-1	TRBJ2-6
TGTGCCAGCAGCAGCTCTAGCGGGGGGGCCTACGAGCAGTACTTC	CASSSSSGGAYEQYF	TRBV7-9	TRBJ2-7
TGTGCCAGCCCGGGACGCAGGGCCCCCATGAACACTGAAGCTTTCTTT	CASPGRRAPMNTEAFF	TRBV7-3	TRBJ1-1
TGTGCCAGCAGTGACGTGGCGTTGAGGCCGGGAGATACGCAGTATTTT	CASSDVALRPGDTQYF	TRBV6-4	TRBJ2-3
TGTGCCAGCAGCTGGACTTTTGACCGCACAGATACGCAGTATTTT	CASSWTFDRTDTQYF	TRBV11-2	TRBJ2-3
TGTGCCAGCAGGTCCCGGGTGGCGGATCAGCCCCAGCATTTT	CASRSRVADQPQHF	TRBV28	TRBJ1-5
TGTGCCAGCAGGCAGAAGACAGGGGATTCACTAAACACTGAAGCTTTCTTT	CASRQKTGDSLNTEAFF	TRBV6-5	TRBJ1-1
TGTGCCACCAGTGATTTAAGTCTTATTGGGACAGGGGGATTGACTGAAGCTTTCTTT	CATSDLSLIGTGGLTEAFF	TRBV24-1	TRBJ1-1
TGCGCCAGCAGCCTCCTTCGCGGGGTAGCAGCCTACAATGAGCAGTTCTTC	CASSLLRGVAAYNEQFF	TRBV4-3	TRBJ2-1
TGTGCCAGCAGCCGGAGGGGACTCCGGTTAGTTGACGAGCAGTACTTC	CASSRRGLRLVDEQYF	TRBV7-4	TRBJ2-7
TGCGCCAGCAGACTACGAGAGCAACTAGCGGGAGTTTGGAAAAACACCATATATTTT	CASRLREQLAGVWKNTIYF	TRBV5-1	TRBJ1-3
TGTGCCAGCAGGAACGGGGGCCGGTGGGCTGGAAACACCATATATTTT	CASRNGGRWAGNTIYF	TRBV6-2	TRBJ1-3
TGTGCCAGCAGCGTACTCCGAGCAGATACGCAGTATTTT	CASSVLRADTQYF	TRBV9	TRBJ2-3
TGCGCCAGCAGCTTTGGGCGGGGGAGAAACGGGGAGCAGTACTTC	CASSFGRGRNGEQYF	TRBV4-3	TRBJ2-7
TGTGCCAGCAGGGGACAGGGTAGCAATCAGCCCCAGCATTTT	CASRGQGSNQPQHF	TRBV25-1	TRBJ1-5
TGTGCCAGCAGCTTAGCCGAGAAAAACATTCAGTACTTC	CASSLAEKNIQYF	TRBV7-2	TRBJ2-4
TGCGCCAGCAGCTTCCCGGGGACAGGCTCTGGAAACACCATATATTTT	CASSFPGTGSGNTIYF	TRBV5-1	TRBJ1-3
TGCGCCAGCAGTGAGTCGTCTGGACAGGGGGGGGGTAATGAAAAACTGTTTTTT	CASSESSGQGGGNEKLFF	TRBV10-1	TRBJ1-4
TGTGCCAGCAGCGACAGTACGGGCGAGCAGTACTTC	CASSDSTGEQYF	TRBV7-8	TRBJ2-7
TGTGCCAGGAGGACAGGGTCCTACGAGCAGTACTTC	CARRTGSYEQYF	TRBV15	TRBJ2-7
TGCGCCAGCAGCTTGCTGAGGTACAGGGCCCTCTTCCCCACAGATACGCAGTATTTT	CASSLLRYRALFPTDTQYF	TRBV5-1	TRBJ2-3
TGCGCCAGCATTGCTGGGGGGACAGATACGCAGTATTTT	CASIAGGTDTQYF	TRBV5-1	TRBJ2-3
TGTGCCAGCAGTTCCGGGGACAGGGACAAAAACATTCAGTACTTC	CASSSGDRDKNIQYF	TRBV6-6	TRBJ2-4
TGTGCCAGCAAACATGCAGGGCTTACCTACGAGCAGTACTTC	CASKHAGLTYEQYF	TRBV7-9	TRBJ2-7
TGCGCCAGCAGCTTGGAACTAGCGGGGAGGACCGGGGAGCTGTTTTTT	CASSLELAGRTGELFF	TRBV5-1	TRBJ2-2
TGCAGGCAGAGGCTCTATGGCTACACCTTC	CRQRLYGYTF	TRBV20-1	TRBJ1-2
TGTGCCAGCAGCTTAGCCAACCGCCGGGACAGGAAGAAAACTAATGAAAAACTGTTTTTT	CASSLANRRDRKKTNEKLFF	TRBV11-3	TRBJ1-4
TGTGCCACCTTACCAAAAGGGAGGGGAGCTAATGAAAAACTGTTTTTT	CATLPKGRGANEKLFF	TRBV6-4	TRBJ1-4
TGTGCCTGGAGATCTGAGGAGATGAACACTGAAGCTTTCTTT	CAWRSEEMNTEAFF	TRBV30	TRBJ1-1
TGTGCCAGCAGCACGCCGGGGGCGACCCAGCATTTT	CASSTPGATQHF	TRBV5-4	TRBJ1-5
TGTGCCAGCTCACCACAGGCTGGGGTCACTGAAGCTTTCTTT	CASSPQAGVTEAFF	TRBV18	TRBJ1-1
TGTGCCAGCAGGCACAGGGTGTGCACAGATACGCAGTATTTT	CASRHRVCTDTQYF	TRBV27	TRBJ2-3
TGCAGCGTTGACGGGTCTGAAGCTTTCTTT	CSVDGSEAFF	TRBV29-1	TRBJ1-1
TGCGCCAGCAGTGAGTCCTGGGACAGCAATGGAAATGAAAAACTGTTTTTT	CASSESWDSNGNEKLFF	TRBV10-1	TRBJ1-4
TGTGCTAGTGGTTTGCAACGGACTCAAGAGACCCAGTACTTC	CASGLQRTQETQYF	TRBV12-5	TRBJ2-5
TGTGCCAGCAGTTCGCTCAACAGACTGGCTTTCTTT	CASSSLNRLAFF	TRBV28	TRBJ1-1
TGTGCCAGCAGCAGTCAAGACAGGGTATGGGTCCCCCAGCATTTT	CASSSQDRVWVPQHF	TRBV13	TRBJ1-5
TGTGCCAGTAGTATCTCCGCGGAGGAAAACATTCAGTACTTC	CASSISAEENIQYF	TRBV19	TRBJ2-4
TGTGCCAGCAGCTTGGTCTGGGTTGTGGGGGGAAACACCATATATTTT	CASSLVWVVGGNTIYF	TRBV5-6	TRBJ1-3
TGTGCCACAAAGGGGTACCATGGCTACACCTTC	CATKGYHGYTF	TRBV19	TRBJ1-2
TGTGCCAGCAGCTTAGGGACCCAGGAGCGGCTCGAACCCGGTGGCGGCGGCCAAGAGACCCAGTACTTC	CASSLGTQERLEPGGGGQETQYF	TRBV7-2	TRBJ2-5
TGTGCCAGCAGGGGGGGGTACTTC	CASRGGYF	TRBV6-6	TRBJ2-4
TGTGCCAGCAGAGCAACTGGAGGGGAGGCCGGGGAGCTGTTTTTT	CASRATGGEAGELFF	TRBV3-1	TRBJ2-2
TGTGCCAGCAGCTTAGCGACCGGGGGCGCAAAGACCCAGTACTTC	CASSLATGGAKTQYF	TRBV7-6	TRBJ2-5
TGTGCCAGCAGCGTTCGGGTAGAACCTTCACCCCTCCACTTT	CASSVRVEPSPLHF	TRBV9	TRBJ1-6
TGTGCCAGCCGCGGACAGGGGCCCCAGCATTTT	CASRGQGPQHF	TRBV7-3	TRBJ1-5
TGTGCCAGCAGCACGGGGACAGGGGGGTCCCATGCCAATCAGCCCCAGCATTTT	CASSTGTGGSHANQPQHF	TRBV5-6	TRBJ1-5
TGTGCCAGTAGTACTATTGGAACCGGGCCATCAAGGCACTCCTATAATTCACCCCTCCACTTT	CASSTIGTGPSRHSYNSPLHF	TRBV19	TRBJ1-6
TGTGCCACCTCTTGGAAGGAGGTGGGGGCTCGGCAGCCCCAGCATTTT	CATSWKEVGARQPQHF	TRBV24-1	TRBJ1-5
TGTGCCAGCAGCGCAATCGTTAGGACAGGGTGGCACGAGCAGTACTTC	CASSAIVRTGWHEQYF	TRBV5-5	TRBJ2-7
TGTGCCAGCAGCAGGAGGGGCGTAGTCTTAACAAACGAGCAGTACTTC	CASSRRGVVLTNEQYF	TRBV5-6	TRBJ2-7
